115
1
2
23
3
72
78
15
29
29
86
4
18
50
46
85
69
32
48
90
38
46
31
9
18
61
75
72
107
17
38
12
9
5
16
47
50
18
27
1
72
35
8
44
54
16
5
93
10
47
38
82
5
30
24
7
27
86
99
62
4
42
49
37
11
20
8
10
11
101
16
37
9
62
44
84
20
81
4
52
41
20
38
1
14
71
96
26
28
36
6
112
6
19
76
40
60
49
101
83
57
6
82
44
27
75
110
34
20
1
8
54
88
45
36
10
21
48
5
89
11
100
5
65
4
105
32
6
5
61
50
17
20
18
27
40
72
7
32
15
77
84
64
24
23
35
14
52
1
6
51
68
57
2
4
71
58
86
44
60
21
40
43
87
7
10
76
100
29
51
34
3
43
102
91
4
13
7
30
51
8
73
24
34
74
37
64
32
61
2
15
71
39
34
25
72
34
22
26
52
84
17
13
5
26
38
37
19
3
81
26
42
48
72
39
47
8
37
13
66
39
52
10
74
52
28
7
77
69
20
47
2
99
57
92
55
12
31
56
2
23
89
80
88
102
54
18
51
107
17
22
41
7
3
84
82
73
46
41
106
56
15
86
18
110
43
13
67
85
1
50
12
15
80
58
17
36
52
22
42
98
103
19
35
18
8
53
70
25
25
49
62
60
75
66
41
70
14
78
10
70
33
23
39
99
13
65
76
36
13
35
40
39
64
63
63
14
8
89
6
79
61
70
15
56
1
5
13
29
63
39
28
60
40
25
75
92
9
64
56
83
27
52
26
44
91
63
105
74
57
29
62
27
28
43
7
71
78
16
5
69
96
16
65
34
58
22
55
69
45
6
86
27
12
32
51
87
22
57
64
53
3
10
62
3
75
42
73
53
11
17
92
74
89
21
4
19
31
101
20
69
60
19
90
107
48
105
97
67
94
25
73
91
86
37
39
72
103
9
11
24
3
61
59
68
21
5
64
24
3
2
16
104
58
28
66
110
96
56
45
21
17
12
31
56
30
28
68
93
81
92
22
6
95
13
45
67
112
38
53
3
81
11
16
26
36
49
23
98
96
12
35
39
46
28
73
36
33
76
61
62
27
94
34
97
51
55
65
51
83
40
16
114
68
63
20
39
75
49
29
34
42
76
80
77
113
92
24
30
18
15
104
81
80
72
9
19
38
76
94
49
95
82
49
55
67
79
64
33
61
42
83
82
26
70
99
53
75
12
14
101
90
75
29
78
31
54
93
7
65
63
43
26
52
76
6
19
50
37
94
31
37
13
67
91
48
92
70
36
44
103
57
90
65
63
114
41
51
28
66
68
33
103
9
89
11
98
105
40
36
99
103
21
92
46
114
30
99
21
11
83
88
44
30
15
89
19
88
90
48
42
53
100
53
35
97
79
19
90
59
96
31
66
54
27
97
14
20
45
33
54
56
84
98
18
19
71
95
88
31
41
107
60
55
48
66
83
90
106
68
109
80
1
30
25
70
1
105
43
98
62
108
51
9
6
71
87
106
83
37
10
108
48
42
59
12
67
93
14
58
20
44
111
83
24
2
35
104
71
82
45
92
64
69
22
84
89
88
16
66
76
59
66
60
92
94
93
103
113
60
84
62
68
46
115
41
47
21
72
93
59
8
38
29
43
42
70
101
66
55
48
112
1
48
48
33
2
26
82
93
14
95
80
79
83
58
95
111
91
78
50
109
79
36
105
81
24
21
109
58
112
87
22
54
56
30
102
63
8
44
45
15
49
94
109
89
106
110
19
99
83
55
111
59
8
91
98
87
46
85
29
78
100
90
38
68
76
40
4
45
78
38
102
65
112
111
32
109
50
41
52
85
65
44
3
96
65
57
1
87
4
108
78
79
73
29
32
53
110
47
15
17
54
95
111
86
103
79
17
6
85
88
55
21
35
93
107
109
35
80
107
32
23
42
24
104
40
81
24
67
104
67
100
102
50
20
24
86
75
79
25
2
108
114
84
46
85
9
53
61
14
97
23
73
102
64
77
58
74
62
81
65
56
94
74
52
12
106
73
11
104
26
74
34
26
54
22
86
109
101
17
43
25
74
91
84
59
33
98
78
95
45
60
97
73
106
1
22
49
10
55
102
105
46
104
43
115
69
100
45
82
63
74
11
88
82
105
90
87
85
69
23
25
23
7
22
25
81
59
111
31
97
47
80
18
91
114
68
32
84
80
69
77
40
35
108
10
13
39
59
30
113
5
45
87
99
110
61
114
112
107
31
71
67
57
100
58
80
77
108
53
