180
1
2
3
4
115
56
8
31
5
106
103
27
23
6
8
14
7
33
116
22
8
13
15
28
53
55
136
28
77
63
93
1
83
38
107
9
41
50
10
59
11
136
35
46
6
9
1
81
124
88
85
43
63
11
20
4
111
19
140
12
33
11
36
14
13
36
30
19
158
81
121
69
83
142
89
17
5
4
109
160
39
161
129
85
157
128
14
2
12
111
116
43
83
151
44
53
6
24
41
3
156
10
2
157
34
65
88
45
87
104
8
42
117
124
15
96
9
74
65
117
21
107
6
10
5
8
164
92
47
7
141
14
17
89
87
140
102
73
42
147
133
34
72
4
20
146
37
46
84
178
163
31
80
54
13
114
37
172
102
77
64
151
40
126
26
18
30
18
24
109
56
148
73
56
74
27
128
169
32
108
11
37
9
122
55
31
21
37
32
7
142
135
6
24
31
75
123
58
66
98
157
12
16
26
74
171
30
14
25
24
23
129
97
50
36
58
51
149
99
105
139
72
96
74
52
35
93
24
55
26
124
94
112
79
49
133
28
128
141
101
90
165
54
82
44
110
38
12
36
144
34
92
100
147
3
143
170
126
60
25
48
21
24
90
29
92
33
45
107
148
57
171
24
115
153
22
70
11
167
134
61
1
33
157
21
103
31
59
132
102
13
74
156
126
93
127
46
135
146
36
105
171
41
15
39
37
72
82
42
29
9
1
108
66
18
84
81
4
34
35
13
149
160
20
4
138
25
173
49
18
44
52
76
139
118
29
39
18
161
78
128
122
62
94
120
40
19
49
84
94
10
140
37
51
80
65
47
68
53
16
17
152
57
44
115
62
15
26
60
73
166
154
51
65
56
150
32
20
174
94
138
71
99
50
39
159
162
57
23
42
71
22
72
20
133
45
2
85
53
169
66
137
33
6
97
98
11
34
44
144
39
38
43
27
111
102
85
112
58
155
83
75
135
96
60
40
120
121
98
52
93
90
10
52
121
64
72
82
51
67
38
79
114
69
121
67
118
144
7
88
61
22
40
112
79
57
68
21
86
75
54
7
16
55
26
82
161
150
47
60
119
12
76
97
167
91
16
103
139
152
152
87
31
77
87
36
2
7
60
55
101
66
59
165
95
47
68
173
81
159
47
61
172
138
104
151
88
17
101
135
3
106
140
82
104
109
28
25
95
115
31
3
76
70
65
134
148
80
105
9
134
5
50
35
38
150
64
49
176
151
119
122
10
41
1
65
48
59
134
84
22
166
12
5
84
107
12
89
40
21
170
73
99
173
61
16
77
153
43
75
50
138
110
96
98
30
99
132
122
62
127
83
125
48
63
97
90
147
22
28
22
15
29
142
40
54
177
141
113
122
134
30
8
170
56
71
71
89
152
44
38
158
145
33
68
45
69
96
98
153
50
137
17
123
71
45
72
85
108
178
121
128
145
123
84
156
95
86
110
41
78
111
175
127
3
67
86
114
81
149
59
15
131
137
178
51
96
100
170
130
104
99
76
82
32
159
63
93
131
42
27
132
19
58
164
75
52
59
86
53
16
17
54
26
91
179
35
114
65
155
48
100
113
94
105
176
140
110
77
112
43
51
84
108
127
146
144
50
103
29
116
95
109
137
136
122
61
54
175
86
176
102
93
45
100
78
103
125
124
179
87
27
108
100
57
121
141
86
56
48
95
83
72
41
40
106
114
67
23
89
161
11
175
46
87
129
108
66
64
101
151
78
89
125
119
154
79
25
145
67
47
63
117
5
68
81
18
91
104
112
13
91
75
118
132
157
73
70
118
161
158
141
153
162
49
105
144
32
113
120
98
58
162
52
36
39
142
132
123
26
48
51
111
154
109
23
143
79
94
66
156
126
97
172
159
168
58
143
118
116
118
70
105
112
46
154
69
27
131
30
44
130
167
119
19
131
69
78
125
155
80
138
80
127
147
174
106
158
127
131
69
158
168
13
146
135
142
119
149
62
92
132
126
139
130
145
113
53
165
149
129
171
88
116
32
120
130
17
154
136
134
55
147
115
60
171
46
103
120
169
106
89
134
177
143
133
91
125
145
160
70
124
110
174
149
88
62
159
25
139
80
123
64
68
150
180
76
140
85
179
95
130
129
101
128
107
111
153
173
73
154
167
135
174
164
127
28
136
42
148
148
70
134
52
168
172
97
165
151
165
5
113
143
156
155
30
146
133
14
177
35
90
117
163
166
119
64
166
99
166
2
164
155
162
176
178
146
163
160
168
150
173
92
114
23
117
164
19
115
137
