27
1
25
7
8
12
2
3
5
7
13
12
7
23
6
2
1
4
11
3
3
14
8
1
18
2
2
22
15
20
16
16
16
5
10
2
14
18
25
4
4
14
21
18
20
12
12
9
14
8
22
3
9
4
5
9
22
18
7
7
10
4
8
11
5
7
6
6
2
10
8
3
2
18
3
3
7
11
10
8
16
20
8
2
5
9
1
20
4
1
1
6
7
8
6
5
7
17
11
9
16
8
14
13
9
6
2
23
10
9
6
10
9
3
10
7
6
7
10
4
22
11
1
4
15
17
5
12
3
6
4
3
4
11
15
7
5
17
19
18
15
3
12
8
10
16
4
22
14
13
9
4
2
11
7
18
5
1
26
9
3
3
11
2
24
15
7
23
25
3
6
16
6
24
20
20
10
22
6
3
3
12
12
1
6
10
11
10
1
4
1
17
17
4
14
8
4
17
1
13
10
5
19
15
13
16
13
11
14
20
15
22
3
2
5
1
5
13
1
18
18
23
9
4
2
16
11
8
9
13
7
7
19
19
6
9
23
19
11
10
4
18
18
5
1
6
7
8
5
1
14
5
15
18
10
9
12
7
11
22
5
11
15
4
18
13
13
13
1
15
8
7
14
4
19
14
8
5
22
4
1
8
6
22
17
5
17
21
7
12
4
11
4
22
10
9
10
13
20
20
18
9
11
2
9
2
2
16
10
8
15
21
3
17
13
4
2
11
12
18
20
6
11
1
5
9
21
11
3
9
22
14
9
8
2
12
13
23
8
16
9
1
1
7
24
10
5
12
8
17
25
13
13
24
19
14
9
26
22
6
19
16
17
12
4
7
9
8
1
14
17
17
13
15
19
12
6
12
9
21
2
17
25
23
15
7
18
2
14
20
9
15
10
1
7
1
16
5
11
21
18
22
16
10
11
25
15
4
11
2
5
8
8
17
13
14
21
14
21
17
6
21
1
11
17
1
19
5
6
19
10
5
21
9
5
10
18
20
7
2
20
4
12
15
3
1
5
4
12
5
12
8
21
16
1
6
14
13
21
9
17
4
15
24
16
26
20
13
2
23
3
8
2
15
20
19
6
16
4
1
15
11
12
3
14
26
16
4
16
18
24
16
18
25
18
10
6
6
20
13
21
23
17
21
23
22
4
10
6
13
6
9
22
3
23
9
8
7
4
17
15
12
6
3
19
13
7
13
17
22
21
22
12
20
5
9
10
21
9
3
7
3
10
8
13
7
9
15
5
3
12
24
3
17
8
24
20
23
7
21
17
12
12
19
2
1
20
23
8
5
4
6
13
14
21
5
2
12
22
2
26
16
1
14
18
4
16
23
26
14
11
26
2
12
6
4
7
20
12
6
6
7
26
10
13
16
10
11
17
14
24
6
7
15
15
20
4
20
3
18
19
17
2
10
12
10
14
15
9
21
13
15
18
21
8
8
13
18
18
7
23
25
16
3
11
11
3
6
14
7
5
22
19
18
10
19
1
24
15
4
14
18
17
23
7
20
20
10
20
9
5
23
21
22
11
11
14
1
14
9
16
2
16
10
15
19
3
18
3
12
11
5
26
9
3
13
15
21
3
22
16
24
15
12
15
16
10
23
14
17
10
11
20
2
3
14
17
10
15
19
22
26
4
22
14
1
8
14
18
2
8
3
25
16
4
12
24
24
16
26
20
8
10
17
13
1
26
25
26
19
9
6
21
16
14
20
23
4
23
13
22
23
24
19
26
13
23
19
21
26
26
16
9
13
2
1
21
6
22
6
21
17
5
13
19
15
17
11
7
2
20
6
13
21
16
24
20
13
20
17
18
21
18
24
19
24
19
24
25
12
1
8
18
8
22
8
25
26
3
12
23
7
25
19
9
22
11
10
23
13
23
25
2
10
26
4
18
20
16
9
21
23
19
7
3
21
15
24
25
25
22
27
2
12
21
18
21
22
16
21
6
24
12
25
11
15
5
19
6
22
16
15
13
13
19
3
11
17
15
4
16
21
24
24
22
11
21
4
25
13
5
6
7
27
9
8
12
25
15
23
19
10
6
8
22
22
16
17
15
7
16
1
11
16
7
4
4
18
1
23
1
11
25
1
7
19
26
20
2
14
25
5
3
2
14
13
24
18
2
17
14
9
10
13
3
3
19
20
19
19
8
16
15
3
25
23
23
20
22
6
8
27
9
21
4
9
8
21
24
14
11
24
7
23
13
26
27
24
1
4
3
22
13
27
3
7
9
12
18
24
8
6
25
27
20
20
5
25
21
27
6
