100 482
1 5
1 35
1 50
1 53
1 56
1 69
1 81
1 94
2 4
2 15
2 37
2 50
2 64
2 65
2 66
2 80
2 84
2 92
2 94
2 95
3 12
3 18
3 29
3 32
3 56
3 71
4 22
4 28
4 40
4 54
4 55
4 60
4 62
4 69
4 81
4 84
4 88
4 90
4 92
4 94
5 26
5 30
5 37
5 39
5 46
5 91
5 92
5 97
6 10
6 11
6 26
6 36
6 56
6 57
6 67
6 70
6 71
6 75
6 78
6 85
6 97
6 100
7 11
7 19
7 27
7 45
7 83
7 84
7 100
8 15
8 22
8 38
8 77
8 79
8 89
8 94
9 23
9 27
9 41
9 44
9 54
9 71
9 93
10 66
10 81
10 91
11 16
11 17
11 40
11 41
11 47
11 48
11 51
11 72
11 75
11 83
12 19
12 21
12 24
12 42
12 43
12 49
12 54
12 57
12 64
12 72
12 74
12 78
12 81
12 82
13 22
13 23
13 37
13 46
13 58
13 73
13 88
13 89
13 92
13 95
13 100
14 18
14 25
14 72
14 80
14 100
15 25
15 28
15 36
15 49
15 54
15 70
15 78
15 83
15 86
15 89
15 97
16 34
16 42
16 43
16 46
16 53
16 55
16 57
16 76
16 90
16 94
17 20
17 28
17 31
17 52
17 87
18 50
18 65
18 83
18 89
18 95
18 100
19 28
19 29
19 56
19 63
19 66
19 96
20 21
20 37
20 38
20 47
20 50
20 51
20 78
20 94
20 97
21 26
21 32
21 34
21 57
21 82
21 89
22 33
22 38
22 46
22 47
22 69
22 70
22 81
22 90
23 30
23 35
23 50
23 58
23 63
23 83
23 89
23 91
23 96
24 26
24 30
24 34
24 42
24 46
24 63
24 65
24 77
24 84
24 91
25 27
25 37
25 42
25 44
25 72
25 81
25 84
25 93
25 99
26 38
26 53
26 61
26 63
26 67
26 81
26 94
27 29
27 36
27 40
27 66
27 80
27 82
27 88
27 91
27 93
28 38
28 48
28 57
28 63
28 72
28 84
28 90
28 91
29 32
29 33
29 52
29 57
29 62
29 69
29 83
30 32
30 40
30 59
30 62
30 82
30 84
30 91
31 33
31 47
31 51
31 58
31 63
31 64
31 65
31 81
31 84
32 49
32 60
32 77
33 35
33 36
33 39
33 50
33 59
33 86
33 88
34 42
34 45
34 48
34 52
34 58
34 63
34 65
34 75
34 83
34 94
34 95
34 99
35 47
35 48
35 50
35 76
35 83
35 87
35 89
35 96
36 51
36 65
36 74
36 81
36 85
36 86
36 96
37 47
37 48
37 54
37 69
37 71
37 75
37 87
37 89
37 96
38 45
38 68
38 97
39 59
39 61
39 66
39 77
39 92
40 62
40 63
40 91
41 56
41 68
41 79
41 89
41 93
41 94
42 48
42 51
42 60
42 64
42 68
42 88
42 89
42 97
43 50
43 59
43 73
43 85
44 48
44 60
44 75
44 77
44 80
44 91
44 99
45 46
45 51
45 53
45 54
45 59
45 65
45 79
45 90
45 95
45 99
46 48
46 74
46 89
46 99
47 56
47 81
47 86
47 87
47 96
47 100
48 51
48 69
48 75
48 77
48 88
49 50
49 52
49 55
49 57
49 89
49 95
50 57
50 65
50 66
50 86
50 88
50 93
51 75
52 89
52 90
52 94
53 54
53 75
53 97
54 58
54 65
54 73
54 83
55 62
55 70
55 80
55 83
55 84
55 87
55 94
56 66
57 67
57 78
58 67
58 68
58 96
59 71
59 77
59 78
60 69
60 87
60 88
60 93
61 72
61 75
61 79
61 93
61 100
63 70
63 89
63 98
64 70
64 87
65 71
65 83
66 76
67 80
67 88
68 79
68 80
68 91
68 92
69 81
69 89
69 98
70 71
70 72
70 74
71 74
71 81
71 85
71 89
71 98
73 84
73 91
75 84
76 78
76 91
76 92
76 93
77 81
77 100
78 81
78 86
78 92
78 93
78 98
79 81
79 83
80 82
80 93
81 97
82 83
82 94
82 97
83 87
83 94
84 85
84 92
84 93
84 94
85 86
85 95
86 88
87 93
87 94
88 95
90 95
90 97
90 99
93 98
95 100
96 99
