68
1
12
36
61
14
2
1
54
3
29
63
39
13
31
58
34
38
6
43
19
33
57
9
8
13
40
53
1
10
43
24
2
47
3
50
35
13
4
12
43
16
45
4
19
4
32
33
14
50
3
56
15
3
6
40
23
37
50
2
2
38
43
14
45
1
1
21
4
22
4
44
2
55
7
22
13
40
25
28
6
43
5
34
8
40
6
42
60
10
41
35
29
8
56
26
47
36
21
4
6
57
32
15
34
36
36
21
19
65
28
16
14
47
14
29
48
16
7
35
41
40
4
23
49
11
23
30
41
50
34
11
21
24
26
47
60
5
10
8
6
17
16
6
63
26
25
61
50
20
12
27
11
22
10
16
3
13
31
23
13
12
55
26
10
51
46
19
22
22
62
21
30
12
1
9
5
36
38
22
6
10
4
37
45
32
31
2
32
20
1
38
7
6
6
3
35
37
15
14
44
26
60
20
15
22
25
33
49
7
48
55
16
9
21
39
23
22
3
11
13
25
38
15
45
46
35
51
43
25
4
48
27
43
16
55
26
45
15
65
64
44
31
44
35
59
16
12
2
1
23
27
51
24
39
43
29
19
27
58
45
40
12
19
5
9
12
18
38
15
22
14
24
33
40
29
34
52
8
31
6
9
14
36
18
35
30
30
19
37
32
37
1
62
3
7
17
37
37
59
11
55
50
12
33
41
1
41
45
9
35
1
46
51
64
8
14
35
9
40
32
10
21
9
15
3
35
20
24
48
3
8
44
20
19
33
18
37
56
66
39
35
43
56
5
33
21
7
21
29
5
46
4
4
10
41
5
1
38
10
64
65
48
65
10
11
2
25
4
35
8
42
29
13
18
26
24
28
12
2
44
12
49
55
10
18
21
3
5
5
12
67
57
48
57
28
14
40
51
46
40
9
33
17
51
37
54
27
25
28
34
14
10
54
66
25
14
54
11
54
15
45
22
49
20
25
46
38
27
1
46
5
51
23
7
39
17
7
7
37
28
18
7
54
55
59
2
64
27
13
18
34
48
39
11
42
13
41
49
52
26
6
50
51
53
24
65
7
54
34
15
49
7
2
30
54
9
27
57
49
59
45
60
1
9
18
32
21
12
56
26
17
14
60
57
44
30
17
52
28
13
14
43
38
42
47
3
39
32
11
17
28
12
30
9
64
29
23
15
47
13
21
4
40
8
29
33
25
11
48
54
41
28
25
19
57
55
14
51
22
8
58
23
52
47
44
13
7
45
39
21
59
29
14
40
42
20
46
39
53
43
19
5
42
56
10
20
17
65
4
37
54
19
31
23
18
22
15
26
53
17
28
49
1
45
43
11
19
24
24
68
22
8
32
52
47
55
8
42
10
52
53
11
56
32
31
19
39
26
59
38
53
24
50
22
41
27
9
5
44
36
26
20
54
26
19
66
21
49
51
22
3
48
32
7
62
21
26
57
17
24
35
63
24
53
2
26
32
61
38
56
4
47
66
68
42
40
16
21
8
35
21
51
34
27
23
46
14
20
33
44
15
38
5
16
48
26
13
34
40
63
52
57
8
40
19
65
45
31
41
23
30
29
67
23
51
58
64
16
56
24
36
43
16
49
13
23
59
8
20
7
50
67
42
12
62
36
3
37
53
55
29
2
28
13
20
25
52
39
30
5
56
50
57
59
8
59
57
18
20
3
9
31
66
29
55
60
50
64
16
56
52
5
56
42
67
64
44
3
37
34
53
39
57
38
42
18
1
55
56
11
55
6
18
28
63
34
50
4
29
60
54
17
44
25
28
44
4
56
58
58
10
30
19
62
27
16
49
49
1
18
44
2
67
50
17
28
61
31
32
11
38
58
45
37
33
32
52
37
6
25
67
34
30
15
62
37
36
38
61
52
30
5
46
58
64
65
52
49
28
65
27
31
55
66
16
6
66
42
42
39
30
58
37
16
65
20
61
11
52
36
54
35
2
63
33
61
42
65
9
39
62
62
11
53
42
31
5
59
29
47
46
30
48
58
44
55
2
33
23
44
43
39
62
61
38
57
32
61
68
12
9
51
30
59
62
46
26
58
46
59
61
42
23
61
53
48
51
18
62
62
49
22
53
66
27
48
64
31
51
36
11
6
63
23
17
1
15
60
20
35
60
36
4
24
67
46
10
36
41
41
51
60
45
68
20
8
66
63
30
58
60
57
45
7
47
18
7
61
63
54
33
61
19
52
17
24
41
40
16
2
17
22
6
27
61
63
34
64
46
56
52
36
31
58
40
54
48
60
50
49
