303
1
2
3
4
235
5
6
7
24
16
8
31
9
6
10
11
12
138
13
53
43
36
91
248
14
255
38
134
284
55
155
114
98
62
56
107
8
86
74
15
253
16
17
129
18
19
244
207
1
8
62
52
152
106
75
71
42
58
48
95
20
54
273
101
21
119
154
238
141
144
57
53
35
108
112
224
126
22
134
23
72
84
18
101
49
5
23
99
24
267
32
117
25
213
124
39
69
184
26
90
27
28
168
61
14
23
231
24
111
262
107
29
175
30
10
168
212
193
174
140
3
61
183
207
46
181
149
33
123
95
170
2
131
31
89
17
130
68
128
167
9
45
26
150
202
82
241
175
92
125
52
236
30
182
78
219
32
105
77
166
92
190
51
136
90
97
78
144
41
63
81
68
300
222
141
40
76
225
58
41
42
59
256
53
52
166
45
29
28
10
156
301
71
44
245
114
17
22
47
104
54
55
3
108
33
87
34
35
69
3
129
36
67
9
115
21
260
7
183
138
38
115
258
20
78
46
263
148
290
56
139
12
154
248
146
37
72
172
47
51
179
28
59
218
79
156
267
67
200
160
13
159
84
31
41
130
96
32
100
63
33
20
90
27
226
157
65
161
52
121
198
96
29
147
151
19
70
262
54
191
165
99
110
181
102
12
19
196
34
169
18
270
5
38
60
70
221
44
171
97
15
57
241
97
16
116
102
87
50
7
175
132
206
131
79
145
164
93
71
9
221
139
2
66
85
115
64
22
133
15
4
98
88
73
229
83
112
48
205
243
50
287
94
112
103
173
103
73
192
118
57
176
172
81
188
213
153
37
120
81
111
61
89
264
209
110
147
74
189
222
7
30
127
206
39
99
59
197
119
123
65
192
254
51
106
137
40
180
242
102
119
27
26
109
128
63
162
37
84
135
91
11
147
111
45
127
198
25
14
190
120
40
194
162
86
95
238
202
41
132
177
179
217
187
93
185
123
239
129
10
136
102
25
48
243
114
21
89
137
220
158
180
222
134
230
105
34
33
77
188
260
251
214
160
73
3
138
184
170
13
216
134
106
167
140
25
67
186
74
178
277
257
289
103
145
66
59
163
283
237
219
48
282
165
81
76
64
62
142
135
97
11
35
293
94
113
153
55
189
51
234
127
78
130
113
188
42
185
148
80
287
239
144
142
256
229
220
2
227
133
125
115
122
240
140
168
117
120
178
65
228
245
37
124
109
143
194
216
148
82
149
210
145
22
113
254
215
8
142
143
185
296
43
70
286
161
121
1
223
213
182
6
83
252
121
40
176
105
84
203
106
14
150
172
77
62
211
191
249
194
249
154
192
98
212
43
139
236
274
153
195
266
224
49
208
94
80
199
149
230
69
203
99
265
54
191
136
90
44
214
125
173
215
264
227
186
269
169
129
111
4
273
158
226
80
199
201
265
263
75
160
159
56
196
48
182
23
53
193
246
244
200
51
199
287
232
303
200
292
232
76
168
45
83
202
137
155
250
15
223
231
69
117
155
71
196
261
36
86
100
163
228
258
128
147
139
218
242
204
213
295
230
280
91
173
199
270
161
87
82
271
209
109
113
21
215
132
222
128
148
266
295
63
211
210
245
175
189
252
253
177
100
169
130
64
85
193
233
112
18
39
174
104
285
201
176
205
4
297
225
189
141
288
206
186
293
198
207
217
135
72
297
220
237
289
238
272
111
279
187
283
208
211
195
195
284
246
156
223
171
275
157
164
88
265
49
159
179
191
166
46
104
136
158
234
108
237
65
243
174
264
247
250
210
182
60
208
278
151
13
259
151
259
214
280
174
277
252
268
126
291
218
122
269
250
118
227
101
228
184
247
110
249
144
272
80
79
195
75
247
205
267
165
92
61
184
251
233
72
116
181
283
125
281
172
261
273
118
29
246
281
204
248
286
2
253
67
152
146
229
60
157
47
163
34
83
131
298
119
301
260
282
209
232
131
85
254
66
44
276
276
245
108
217
244
257
289
234
124
146
255
68
288
293
99
223
116
290
183
166
285
235
76
276
255
275
96
300
219
299
105
224
302
180
271
248
256
150
107
206
279
215
170
164
241
290
302
274
158
275
177
149
133
295
162
133
242
132
117
188
288
57
197
58
88
291
93
226
259
123
294
287
95
204
181
270
73
225
167
237
203
286
239
126
268
177
190
240
251
141
231
261
143
110
171
296
258
291
299
257
271
50
268
221
280
263
279
236
262
294
298
235
300
152
124
66
216
201
292
178
122
278
301
233
212
281
269
145
229
187
