23
1
17
2
1
7
2
13
3
19
6
13
11
7
16
2
6
2
3
2
11
3
10
3
15
4
7
11
1
8
6
14
3
3
10
12
1
4
10
5
3
8
15
15
15
17
13
12
8
6
8
8
1
5
5
2
7
16
6
13
17
6
8
20
7
1
18
5
4
2
10
10
19
1
6
18
7
5
13
17
1
19
16
9
3
11
13
3
11
2
20
6
9
7
2
13
12
16
17
2
2
14
9
17
4
12
16
20
20
14
5
11
6
7
19
7
12
14
4
1
4
9
4
16
16
10
9
5
17
16
16
11
5
6
17
3
9
19
4
5
4
8
9
18
7
15
1
9
21
5
9
18
8
15
12
21
2
13
11
12
19
5
3
11
22
22
15
19
3
12
12
12
14
8
12
22
13
1
3
10
15
8
8
17
9
7
11
14
16
2
12
18
18
1
23
1
11
4
10
13
12
8
18
21
23
20
12
9
20
22
21
20
11
21
20
4
20
14
12
15
18
9
14
13
13
5
3
22
11
14
4
14
19
14
6
20
8
4
21
5
18
19
6
19
21
14
17
10
16
15
17
