94
1
2
3
4
5
31
6
46
7
8
48
29
9
26
10
11
6
12
13
14
15
88
11
1
6
16
15
17
12
12
26
18
41
2
28
13
19
3
19
59
52
3
20
47
38
27
36
14
85
42
27
2
4
28
73
7
62
51
79
25
53
89
45
21
13
5
10
9
33
28
37
35
35
50
66
55
11
90
47
56
60
22
34
46
23
22
22
17
21
43
23
5
24
71
49
30
48
43
58
33
72
4
25
20
68
8
65
26
24
27
42
7
86
31
20
10
64
17
31
47
39
41
74
73
50
32
38
40
49
45
52
25
19
54
50
16
69
34
18
56
54
44
77
57
82
16
53
70
58
58
80
67
81
71
76
33
47
28
57
21
63
18
77
66
24
12
37
63
35
45
82
48
71
70
14
78
76
40
70
32
84
74
82
80
36
67
59
84
61
61
34
73
67
29
86
30
81
72
75
15
69
64
61
89
44
52
53
56
38
65
90
77
85
49
87
62
79
23
91
56
30
51
88
65
40
89
94
39
74
46
22
21
68
78
41
36
92
83
67
55
75
44
42
60
39
43
87
60
93
83
