250 9307
1 6
1 8
1 11
1 15
1 16
1 17
1 23
1 25
1 26
1 29
1 34
1 37
1 38
1 39
1 41
1 49
1 50
1 54
1 63
1 76
1 77
1 81
1 82
1 85
1 87
1 90
1 92
1 97
1 98
1 102
1 106
1 108
1 113
1 117
1 120
1 123
1 130
1 133
1 134
1 137
1 143
1 145
1 147
1 149
1 150
1 151
1 159
1 160
1 161
1 163
1 164
1 169
1 170
1 172
1 173
1 176
1 178
1 180
1 182
1 185
1 187
1 208
1 213
1 217
1 221
1 222
1 226
1 231
1 232
1 235
1 236
1 238
1 240
1 249
2 5
2 6
2 8
2 15
2 20
2 22
2 24
2 28
2 29
2 33
2 34
2 36
2 39
2 40
2 44
2 56
2 66
2 73
2 78
2 80
2 83
2 85
2 86
2 89
2 90
2 91
2 92
2 94
2 100
2 101
2 104
2 106
2 108
2 110
2 122
2 126
2 129
2 131
2 135
2 137
2 139
2 143
2 146
2 147
2 155
2 158
2 164
2 165
2 175
2 176
2 178
2 185
2 187
2 189
2 192
2 198
2 199
2 200
2 201
2 203
2 207
2 209
2 212
2 215
2 219
2 220
2 221
2 225
2 227
2 229
2 231
2 236
2 237
2 244
2 248
3 4
3 11
3 12
3 21
3 22
3 23
3 24
3 26
3 29
3 31
3 41
3 43
3 44
3 49
3 50
3 51
3 52
3 54
3 61
3 65
3 67
3 72
3 73
3 76
3 86
3 106
3 112
3 114
3 115
3 121
3 127
3 130
3 133
3 136
3 138
3 142
3 151
3 152
3 154
3 159
3 160
3 163
3 167
3 172
3 175
3 176
3 183
3 186
3 187
3 191
3 194
3 199
3 200
3 202
3 206
3 208
3 209
3 211
3 214
3 221
3 223
3 227
3 228
3 235
3 238
3 241
3 244
3 245
3 249
4 6
4 9
4 13
4 15
4 19
4 21
4 23
4 25
4 27
4 30
4 32
4 35
4 37
4 42
4 46
4 48
4 50
4 55
4 62
4 64
4 66
4 67
4 70
4 75
4 76
4 83
4 84
4 86
4 87
4 89
4 91
4 92
4 94
4 95
4 99
4 100
4 101
4 104
4 105
4 110
4 116
4 117
4 121
4 122
4 124
4 125
4 126
4 129
4 130
4 131
4 134
4 135
4 138
4 139
4 140
4 141
4 142
4 145
4 147
4 150
4 157
4 158
4 161
4 162
4 163
4 164
4 172
4 183
4 185
4 188
4 189
4 190
4 192
4 194
4 196
4 198
4 199
4 200
4 205
4 206
4 207
4 213
4 224
4 227
4 228
4 232
4 233
4 234
4 235
4 236
4 238
4 243
4 247
4 249
5 6
5 17
5 18
5 20
5 25
5 27
5 29
5 32
5 38
5 44
5 46
5 49
5 51
5 54
5 55
5 59
5 61
5 67
5 69
5 73
5 74
5 83
5 86
5 88
5 89
5 92
5 94
5 100
5 103
5 110
5 116
5 117
5 123
5 127
5 130
5 132
5 133
5 138
5 146
5 149
5 155
5 156
5 159
5 160
5 162
5 163
5 165
5 166
5 169
5 172
5 175
5 178
5 179
5 180
5 181
5 189
5 191
5 198
5 199
5 202
5 205
5 211
5 212
5 218
5 219
5 220
5 223
5 231
5 233
5 237
5 239
5 241
5 246
5 249
6 10
6 12
6 18
6 20
6 21
6 23
6 24
6 25
6 31
6 32
6 33
6 37
6 39
6 41
6 43
6 45
6 48
6 51
6 53
6 54
6 59
6 60
6 62
6 66
6 70
6 73
6 74
6 77
6 78
6 79
6 84
6 86
6 96
6 98
6 103
6 105
6 106
6 110
6 112
6 116
6 121
6 123
6 133
6 135
6 138
6 140
6 141
6 146
6 152
6 155
6 157
6 159
6 163
6 165
6 167
6 173
6 180
6 181
6 185
6 187
6 188
6 193
6 202
6 204
6 208
6 212
6 213
6 214
6 219
6 222
6 225
6 231
6 234
6 238
6 240
6 242
7 8
7 9
7 14
7 16
7 19
7 28
7 32
7 33
7 38
7 39
7 42
7 44
7 45
7 47
7 48
7 53
7 64
7 67
7 68
7 70
7 71
7 72
7 80
7 85
7 94
7 99
7 102
7 105
7 111
7 113
7 115
7 116
7 118
7 121
7 123
7 127
7 130
7 132
7 140
7 141
7 143
7 145
7 146
7 153
7 158
7 160
7 167
7 168
7 170
7 171
7 172
7 179
7 181
7 183
7 189
7 192
7 195
7 196
7 197
7 204
7 206
7 208
7 210
7 220
7 222
7 225
7 227
7 231
7 234
7 235
7 242
7 247
8 14
8 17
8 19
8 28
8 29
8 37
8 38
8 39
8 45
8 49
8 50
8 52
8 53
8 54
8 56
8 58
8 62
8 65
8 67
8 70
8 72
8 75
8 76
8 82
8 90
8 91
8 94
8 98
8 102
8 105
8 106
8 110
8 112
8 113
8 121
8 122
8 124
8 127
8 128
8 130
8 132
8 133
8 139
8 144
8 146
8 149
8 153
8 154
8 156
8 157
8 161
8 164
8 171
8 175
8 189
8 194
8 195
8 197
8 198
8 199
8 200
8 202
8 206
8 207
8 211
8 215
8 216
8 220
8 231
8 232
8 233
8 234
8 235
8 243
8 244
8 245
8 246
8 250
9 10
9 12
9 13
9 20
9 23
9 24
9 25
9 26
9 30
9 37
9 40
9 44
9 45
9 58
9 59
9 61
9 70
9 73
9 75
9 78
9 86
9 88
9 94
9 95
9 97
9 105
9 106
9 109
9 121
9 126
9 129
9 132
9 139
9 145
9 148
9 149
9 150
9 151
9 153
9 154
9 156
9 159
9 163
9 169
9 173
9 175
9 188
9 189
9 191
9 200
9 207
9 209
9 212
9 217
9 223
9 225
9 230
9 237
9 245
9 246
9 248
9 250
10 14
10 15
10 21
10 22
10 32
10 33
10 34
10 36
10 37
10 38
10 41
10 47
10 48
10 53
10 54
10 55
10 56
10 57
10 60
10 63
10 64
10 69
10 73
10 75
10 78
10 85
10 86
10 87
10 88
10 93
10 95
10 100
10 102
10 103
10 105
10 106
10 115
10 120
10 125
10 128
10 129
10 130
10 132
10 138
10 139
10 140
10 141
10 143
10 148
10 153
10 154
10 155
10 157
10 158
10 159
10 161
10 167
10 169
10 173
10 177
10 185
10 190
10 198
10 202
10 203
10 212
10 223
10 226
10 227
10 232
10 236
10 241
11 14
11 18
11 21
11 22
11 23
11 31
11 33
11 37
11 38
11 41
11 43
11 45
11 48
11 53
11 55
11 58
11 60
11 63
11 69
11 70
11 73
11 75
11 84
11 88
11 96
11 100
11 104
11 111
11 112
11 114
11 117
11 118
11 123
11 126
11 135
11 136
11 137
11 138
11 141
11 144
11 145
11 148
11 150
11 159
11 161
11 163
11 165
11 170
11 175
11 177
11 180
11 182
11 187
11 189
11 191
11 192
11 194
11 195
11 203
11 208
11 211
11 215
11 218
11 221
11 229
11 238
11 240
11 244
12 22
12 28
12 35
12 36
12 37
12 38
12 43
12 46
12 47
12 50
12 52
12 57
12 58
12 61
12 63
12 64
12 75
12 80
12 86
12 87
12 92
12 93
12 98
12 99
12 100
12 101
12 107
12 115
12 118
12 119
12 120
12 123
12 127
12 135
12 137
12 139
12 140
12 144
12 150
12 151
12 159
12 161
12 164
12 167
12 174
12 175
12 177
12 180
12 181
12 184
12 195
12 197
12 199
12 202
12 203
12 205
12 206
12 211
12 214
12 217
12 218
12 221
12 224
12 229
12 235
12 237
12 238
12 242
12 244
12 248
13 18
13 21
13 31
13 34
13 35
13 39
13 41
13 43
13 48
13 53
13 54
13 59
13 61
13 62
13 63
13 68
13 70
13 71
13 72
13 78
13 79
13 80
13 83
13 86
13 87
13 89
13 91
13 95
13 97
13 99
13 100
13 101
13 102
13 104
13 106
13 110
13 111
13 119
13 127
13 133
13 146
13 147
13 150
13 158
13 160
13 164
13 166
13 167
13 179
13 182
13 183
13 187
13 192
13 196
13 199
13 200
13 202
13 205
13 206
13 210
13 211
13 215
13 220
13 222
13 226
13 229
13 232
13 234
13 239
13 246
13 250
14 15
14 17
14 33
14 34
14 35
14 40
14 43
14 50
14 54
14 60
14 64
14 65
14 67
14 69
14 71
14 72
14 75
14 81
14 83
14 84
14 85
14 89
14 90
14 92
14 95
14 98
14 99
14 100
14 105
14 108
14 114
14 117
14 118
14 119
14 128
14 137
14 139
14 140
14 144
14 147
14 148
14 149
14 154
14 158
14 159
14 160
14 166
14 172
14 173
14 174
14 184
14 189
14 196
14 197
14 200
14 205
14 207
14 208
14 222
14 227
14 229
14 230
14 234
14 235
14 241
14 242
14 249
15 24
15 28
15 30
15 35
15 39
15 41
15 42
15 47
15 48
15 50
15 52
15 57
15 71
15 72
15 80
15 81
15 84
15 86
15 92
15 95
15 96
15 97
15 103
15 104
15 107
15 111
15 114
15 115
15 121
15 123
15 130
15 134
15 135
15 149
15 150
15 151
15 152
15 155
15 160
15 163
15 166
15 170
15 171
15 172
15 174
15 175
15 177
15 180
15 183
15 188
15 190
15 191
15 203
15 206
15 209
15 210
15 217
15 222
15 224
15 226
15 227
15 237
15 239
15 247
16 19
16 22
16 25
16 28
16 34
16 35
16 38
16 40
16 43
16 45
16 50
16 52
16 54
16 55
16 57
16 60
16 62
16 63
16 65
16 71
16 73
16 93
16 97
16 98
16 102
16 103
16 104
16 110
16 113
16 115
16 121
16 125
16 128
16 136
16 137
16 139
16 142
16 143
16 144
16 151
16 158
16 166
16 170
16 177
16 178
16 179
16 182
16 183
16 189
16 191
16 194
16 198
16 206
16 209
16 210
16 211
16 212
16 215
16 218
16 221
16 226
16 227
16 229
16 235
16 243
16 244
16 246
17 24
17 25
17 26
17 31
17 38
17 41
17 45
17 46
17 49
17 50
17 57
17 61
17 62
17 64
17 68
17 70
17 73
17 78
17 79
17 80
17 81
17 82
17 83
17 84
17 87
17 92
17 104
17 107
17 109
17 111
17 112
17 118
17 121
17 123
17 125
17 127
17 128
17 129
17 131
17 132
17 139
17 145
17 146
17 149
17 151
17 155
17 157
17 158
17 165
17 175
17 180
17 182
17 186
17 188
17 192
17 197
17 200
17 206
17 207
17 209
17 210
17 214
17 216
17 218
17 219
17 222
17 224
17 226
17 228
17 229
17 234
17 235
17 238
17 245
17 248
17 249
18 20
18 22
18 24
18 27
18 34
18 37
18 38
18 39
18 42
18 46
18 49
18 51
18 53
18 56
18 61
18 65
18 68
18 69
18 70
18 73
18 74
18 75
18 80
18 82
18 92
18 93
18 94
18 100
18 108
18 109
18 115
18 121
18 124
18 126
18 127
18 130
18 132
18 134
18 144
18 147
18 149
18 154
18 155
18 157
18 158
18 164
18 169
18 171
18 172
18 174
18 180
18 181
18 184
18 188
18 189
18 190
18 194
18 196
18 198
18 205
18 206
18 210
18 211
18 212
18 213
18 214
18 216
18 218
18 219
18 221
18 225
18 227
18 228
18 229
18 230
18 232
18 233
18 235
18 236
18 239
18 241
18 248
19 25
19 27
19 29
19 33
19 41
19 42
19 46
19 49
19 50
19 53
19 54
19 56
19 60
19 64
19 73
19 74
19 76
19 78
19 79
19 86
19 91
19 93
19 98
19 103
19 108
19 109
19 120
19 124
19 125
19 126
19 128
19 133
19 140
19 144
19 146
19 152
19 153
19 154
19 159
19 160
19 161
19 162
19 164
19 170
19 175
19 179
19 180
19 183
19 186
19 187
19 188
19 191
19 194
19 197
19 205
19 208
19 215
19 218
19 220
19 221
19 223
19 225
19 226
19 228
19 230
19 234
19 236
19 237
19 247
19 248
20 24
20 25
20 26
20 28
20 31
20 35
20 42
20 43
20 46
20 49
20 52
20 55
20 58
20 59
20 66
20 68
20 73
20 76
20 77
20 80
20 81
20 83
20 87
20 89
20 92
20 93
20 98
20 105
20 106
20 108
20 113
20 114
20 121
20 123
20 129
20 130
20 140
20 141
20 142
20 149
20 153
20 157
20 159
20 161
20 168
20 172
20 173
20 175
20 181
20 187
20 190
20 193
20 197
20 198
20 201
20 205
20 210
20 218
20 219
20 225
20 227
20 232
20 242
20 243
20 245
20 248
20 250
21 25
21 27
21 31
21 34
21 37
21 39
21 41
21 43
21 44
21 46
21 53
21 54
21 58
21 63
21 67
21 73
21 76
21 77
21 81
21 88
21 89
21 92
21 96
21 99
21 100
21 103
21 108
21 110
21 113
21 114
21 117
21 118
21 119
21 120
21 127
21 128
21 129
21 131
21 139
21 144
21 145
21 146
21 148
21 150
21 160
21 165
21 169
21 172
21 173
21 174
21 180
21 183
21 186
21 187
21 189
21 194
21 196
21 198
21 199
21 201
21 206
21 207
21 208
21 212
21 213
21 217
21 220
21 221
21 222
21 224
21 228
21 233
21 235
21 236
21 239
21 245
21 249
21 250
22 23
22 26
22 29
22 31
22 35
22 36
22 37
22 39
22 43
22 45
22 46
22 48
22 52
22 53
22 54
22 55
22 57
22 60
22 68
22 72
22 75
22 79
22 80
22 89
22 92
22 93
22 96
22 97
22 98
22 100
22 101
22 103
22 104
22 106
22 120
22 121
22 122
22 126
22 131
22 133
22 134
22 137
22 144
22 146
22 152
22 155
22 157
22 164
22 165
22 166
22 169
22 170
22 177
22 180
22 183
22 188
22 191
22 192
22 194
22 201
22 206
22 215
22 220
22 235
22 238
22 240
22 242
23 24
23 25
23 26
23 28
23 29
23 36
23 38
23 39
23 44
23 45
23 47
23 50
23 52
23 53
23 56
23 59
23 61
23 63
23 64
23 65
23 67
23 68
23 69
23 74
23 81
23 83
23 90
23 91
23 97
23 100
23 110
23 112
23 115
23 117
23 121
23 123
23 128
23 129
23 131
23 140
23 142
23 143
23 144
23 146
23 157
23 158
23 160
23 161
23 164
23 165
23 166
23 167
23 172
23 179
23 180
23 181
23 189
23 198
23 203
23 206
23 210
23 216
23 220
23 221
23 223
23 225
23 227
23 229
23 234
23 235
23 236
23 237
23 239
23 240
23 245
23 250
24 25
24 27
24 38
24 41
24 46
24 47
24 50
24 52
24 55
24 56
24 59
24 60
24 61
24 67
24 70
24 71
24 73
24 77
24 85
24 86
24 87
24 88
24 92
24 108
24 113
24 114
24 115
24 116
24 117
24 119
24 128
24 131
24 136
24 139
24 146
24 150
24 151
24 157
24 161
24 164
24 175
24 176
24 179
24 185
24 188
24 190
24 195
24 199
24 202
24 204
24 207
24 208
24 214
24 220
24 222
24 225
24 229
24 231
24 232
24 233
24 235
24 248
24 250
25 30
25 33
25 38
25 44
25 55
25 59
25 61
25 69
25 76
25 77
25 78
25 79
25 86
25 87
25 89
25 90
25 93
25 95
25 97
25 99
25 100
25 101
25 110
25 111
25 128
25 133
25 134
25 136
25 139
25 144
25 147
25 148
25 149
25 152
25 155
25 162
25 164
25 165
25 169
25 170
25 174
25 175
25 176
25 182
25 184
25 187
25 188
25 194
25 195
25 196
25 199
25 200
25 201
25 205
25 207
25 209
25 210
25 218
25 219
25 222
25 224
25 229
25 231
25 233
25 236
25 239
25 242
25 245
25 247
25 249
26 29
26 35
26 50
26 52
26 58
26 62
26 63
26 65
26 69
26 71
26 73
26 79
26 81
26 83
26 88
26 90
26 95
26 98
26 104
26 106
26 107
26 116
26 122
26 123
26 136
26 138
26 141
26 145
26 148
26 151
26 158
26 159
26 161
26 164
26 167
26 170
26 174
26 176
26 186
26 188
26 189
26 190
26 192
26 196
26 197
26 198
26 205
26 208
26 211
26 212
26 217
26 220
26 234
26 235
26 241
26 244
27 32
27 33
27 42
27 43
27 45
27 53
27 56
27 58
27 64
27 66
27 73
27 78
27 80
27 82
27 89
27 90
27 92
27 100
27 102
27 103
27 105
27 107
27 109
27 110
27 113
27 119
27 121
27 126
27 127
27 133
27 137
27 141
27 142
27 143
27 146
27 151
27 153
27 154
27 156
27 171
27 173
27 174
27 179
27 182
27 191
27 194
27 197
27 200
27 201
27 204
27 208
27 209
27 213
27 215
27 216
27 217
27 219
27 231
27 233
27 237
27 241
27 245
27 248
28 29
28 30
28 31
28 32
28 33
28 38
28 48
28 49
28 51
28 56
28 58
28 60
28 64
28 67
28 68
28 69
28 83
28 89
28 95
28 97
28 100
28 101
28 105
28 107
28 109
28 118
28 121
28 122
28 123
28 124
28 126
28 129
28 131
28 132
28 133
28 136
28 138
28 143
28 148
28 150
28 153
28 155
28 160
28 164
28 165
28 168
28 169
28 170
28 171
28 172
28 173
28 174
28 175
28 176
28 185
28 188
28 191
28 198
28 201
28 202
28 203
28 205
28 208
28 211
28 212
28 215
28 225
28 227
28 232
28 233
28 237
28 240
28 241
28 242
28 243
28 245
28 247
28 250
29 32
29 35
29 39
29 45
29 54
29 55
29 61
29 69
29 75
29 79
29 81
29 92
29 101
29 105
29 109
29 110
29 112
29 117
29 118
29 120
29 124
29 128
29 129
29 132
29 133
29 134
29 139
29 143
29 145
29 147
29 148
29 149
29 150
29 153
29 159
29 161
29 163
29 170
29 171
29 174
29 177
29 180
29 183
29 185
29 186
29 187
29 189
29 197
29 203
29 207
29 208
29 214
29 216
29 217
29 218
29 219
29 221
29 224
29 237
29 240
29 242
29 246
29 250
30 33
30 35
30 37
30 40
30 47
30 48
30 50
30 51
30 52
30 54
30 62
30 63
30 67
30 68
30 70
30 72
30 73
30 76
30 77
30 81
30 89
30 95
30 99
30 101
30 102
30 106
30 107
30 109
30 110
30 115
30 124
30 127
30 136
30 137
30 139
30 146
30 147
30 150
30 151
30 159
30 160
30 162
30 174
30 182
30 183
30 187
30 191
30 193
30 196
30 198
30 204
30 210
30 212
30 215
30 216
30 218
30 220
30 223
30 229
30 231
30 238
30 245
30 249
31 36
31 44
31 45
31 46
31 58
31 59
31 61
31 70
31 71
31 72
31 75
31 77
31 79
31 94
31 103
31 104
31 108
31 114
31 132
31 134
31 138
31 142
31 143
31 149
31 153
31 155
31 156
31 160
31 161
31 163
31 165
31 166
31 168
31 171
31 174
31 177
31 189
31 192
31 194
31 199
31 200
31 203
31 207
31 208
31 209
31 210
31 211
31 213
31 215
31 224
31 228
31 235
31 236
31 237
31 238
31 240
31 246
31 247
31 248
32 34
32 44
32 47
32 49
32 50
32 51
32 54
32 59
32 64
32 68
32 69
32 70
32 75
32 76
32 79
32 81
32 82
32 83
32 89
32 90
32 91
32 93
32 97
32 98
32 99
32 104
32 120
32 122
32 123
32 133
32 134
32 137
32 141
32 144
32 146
32 147
32 151
32 157
32 164
32 169
32 170
32 171
32 172
32 174
32 176
32 181
32 184
32 186
32 187
32 191
32 196
32 200
32 201
32 206
32 207
32 209
32 211
32 212
32 213
32 216
32 219
32 221
32 222
32 224
32 232
32 241
32 243
33 34
33 36
33 38
33 41
33 47
33 48
33 49
33 60
33 62
33 63
33 64
33 69
33 72
33 73
33 75
33 79
33 80
33 83
33 85
33 90
33 97
33 101
33 103
33 105
33 110
33 111
33 119
33 123
33 128
33 129
33 130
33 139
33 140
33 142
33 143
33 156
33 161
33 164
33 165
33 169
33 175
33 182
33 183
33 185
33 186
33 187
33 194
33 196
33 204
33 219
33 221
33 223
33 225
33 231
33 232
33 241
33 246
33 250
34 36
34 37
34 42
34 44
34 46
34 52
34 55
34 63
34 68
34 76
34 79
34 84
34 87
34 93
34 95
34 97
34 102
34 104
34 109
34 110
34 114
34 115
34 116
34 117
34 119
34 120
34 124
34 127
34 134
34 141
34 142
34 146
34 147
34 154
34 157
34 158
34 160
34 164
34 168
34 169
34 170
34 173
34 174
34 176
34 180
34 183
34 184
34 187
34 189
34 195
34 196
34 197
34 199
34 202
34 203
34 209
34 212
34 213
34 218
34 221
34 222
34 224
34 228
34 241
34 243
34 248
34 249
35 36
35 40
35 43
35 46
35 49
35 50
35 52
35 53
35 54
35 56
35 60
35 61
35 67
35 72
35 76
35 77
35 85
35 88
35 91
35 92
35 94
35 101
35 103
35 106
35 108
35 110
35 111
35 118
35 120
35 124
35 125
35 130
35 136
35 142
35 143
35 144
35 145
35 151
35 163
35 164
35 172
35 173
35 176
35 179
35 189
35 193
35 198
35 207
35 213
35 227
35 228
35 229
35 231
35 232
35 238
35 240
35 243
35 249
36 42
36 43
36 44
36 50
36 53
36 67
36 68
36 81
36 82
36 88
36 89
36 90
36 94
36 95
36 98
36 100
36 102
36 105
36 107
36 111
36 115
36 122
36 126
36 128
36 131
36 133
36 140
36 141
36 151
36 152
36 153
36 156
36 161
36 163
36 167
36 169
36 175
36 176
36 179
36 180
36 183
36 185
36 186
36 188
36 192
36 194
36 196
36 199
36 200
36 205
36 206
36 207
36 209
36 214
36 216
36 226
36 228
36 229
36 231
36 233
36 235
36 239
36 240
36 241
36 243
36 245
36 247
37 38
37 42
37 44
37 47
37 49
37 50
37 51
37 52
37 54
37 55
37 58
37 62
37 63
37 65
37 67
37 73
37 88
37 91
37 93
37 96
37 98
37 102
37 109
37 110
37 115
37 116
37 128
37 135
37 136
37 142
37 143
37 144
37 147
37 148
37 149
37 151
37 156
37 157
37 165
37 166
37 170
37 175
37 180
37 185
37 190
37 193
37 195
37 198
37 202
37 205
37 206
37 207
37 209
37 210
37 214
37 223
37 226
37 227
37 233
37 234
37 238
37 240
37 244
37 248
37 250
38 39
38 42
38 46
38 48
38 50
38 55
38 62
38 66
38 67
38 77
38 78
38 83
38 87
38 93
38 94
38 101
38 105
38 106
38 107
38 111
38 116
38 126
38 127
38 133
38 136
38 138
38 143
38 144
38 149
38 150
38 151
38 158
38 163
38 165
38 166
38 167
38 169
38 170
38 173
38 174
38 178
38 182
38 187
38 191
38 193
38 195
38 197
38 199
38 203
38 204
38 207
38 210
38 212
38 216
38 223
38 224
38 226
38 227
38 229
38 231
38 235
38 244
38 245
38 246
38 248
38 250
39 43
39 46
39 48
39 51
39 52
39 58
39 62
39 63
39 65
39 74
39 76
39 82
39 85
39 89
39 91
39 100
39 102
39 104
39 105
39 114
39 117
39 120
39 122
39 124
39 137
39 144
39 146
39 148
39 151
39 152
39 153
39 158
39 160
39 164
39 166
39 167
39 168
39 170
39 171
39 172
39 173
39 175
39 189
39 190
39 191
39 195
39 196
39 199
39 203
39 205
39 206
39 207
39 209
39 211
39 213
39 215
39 218
39 223
39 227
39 229
39 231
39 241
39 248
39 250
40 41
40 43
40 44
40 46
40 48
40 49
40 53
40 54
40 56
40 57
40 61
40 67
40 69
40 70
40 74
40 78
40 86
40 91
40 93
40 94
40 95
40 96
40 103
40 107
40 108
40 109
40 117
40 118
40 122
40 123
40 125
40 126
40 129
40 131
40 132
40 136
40 139
40 142
40 143
40 144
40 146
40 150
40 152
40 153
40 154
40 159
40 175
40 176
40 177
40 182
40 184
40 186
40 193
40 195
40 196
40 198
40 199
40 202
40 204
40 206
40 208
40 211
40 219
40 222
40 224
40 227
40 234
40 238
40 239
40 241
40 243
40 246
40 248
41 43
41 44
41 45
41 49
41 52
41 54
41 55
41 56
41 61
41 65
41 66
41 67
41 68
41 70
41 71
41 73
41 77
41 91
41 92
41 93
41 99
41 102
41 104
41 110
41 119
41 122
41 127
41 134
41 135
41 138
41 140
41 143
41 151
41 158
41 159
41 167
41 168
41 170
41 179
41 180
41 185
41 186
41 192
41 193
41 196
41 197
41 202
41 203
41 207
41 209
41 210
41 211
41 213
41 216
41 221
41 222
41 227
41 233
41 238
41 241
41 249
42 45
42 46
42 50
42 53
42 54
42 57
42 59
42 67
42 74
42 75
42 78
42 79
42 80
42 82
42 87
42 91
42 94
42 95
42 99
42 102
42 103
42 110
42 116
42 121
42 123
42 124
42 126
42 133
42 135
42 146
42 148
42 152
42 154
42 160
42 161
42 162
42 164
42 167
42 174
42 185
42 187
42 194
42 195
42 196
42 206
42 208
42 212
42 213
42 217
42 218
42 226
42 229
42 234
42 235
42 238
42 240
42 241
42 244
43 50
43 53
43 55
43 56
43 64
43 66
43 67
43 70
43 75
43 83
43 84
43 88
43 94
43 97
43 107
43 108
43 109
43 115
43 118
43 122
43 126
43 129
43 130
43 133
43 135
43 136
43 137
43 142
43 144
43 148
43 160
43 161
43 171
43 173
43 182
43 183
43 188
43 189
43 190
43 191
43 192
43 198
43 199
43 206
43 210
43 211
43 212
43 216
43 217
43 225
43 226
43 228
43 232
43 238
43 244
44 48
44 53
44 56
44 59
44 63
44 65
44 73
44 78
44 79
44 84
44 85
44 89
44 97
44 98
44 100
44 104
44 108
44 115
44 116
44 117
44 120
44 125
44 128
44 129
44 130
44 132
44 133
44 135
44 136
44 137
44 140
44 141
44 142
44 144
44 148
44 150
44 154
44 156
44 159
44 163
44 164
44 172
44 173
44 175
44 176
44 179
44 182
44 184
44 192
44 196
44 197
44 199
44 202
44 203
44 204
44 206
44 210
44 227
44 230
44 235
44 236
44 240
44 244
45 46
45 48
45 52
45 56
45 57
45 58
45 63
45 67
45 70
45 71
45 76
45 77
45 78
45 85
45 86
45 87
45 88
45 90
45 94
45 107
45 111
45 112
45 116
45 121
45 125
45 130
45 137
45 138
45 139
45 140
45 142
45 145
45 148
45 155
45 157
45 159
45 162
45 164
45 169
45 171
45 174
45 177
45 179
45 182
45 189
45 190
45 192
45 194
45 196
45 197
45 203
45 208
45 211
45 213
45 218
45 220
45 224
45 226
45 227
45 235
45 238
45 243
46 48
46 49
46 58
46 62
46 64
46 67
46 72
46 75
46 80
46 92
46 94
46 98
46 99
46 100
46 104
46 105
46 107
46 111
46 113
46 117
46 118
46 119
46 120
46 127
46 131
46 136
46 139
46 142
46 143
46 144
46 148
46 150
46 151
46 161
46 164
46 167
46 171
46 173
46 177
46 178
46 180
46 185
46 186
46 193
46 195
46 201
46 204
46 205
46 208
46 209
46 212
46 218
46 220
46 225
46 228
46 230
46 232
46 234
46 236
46 240
46 241
46 243
47 52
47 53
47 60
47 64
47 82
47 85
47 86
47 89
47 92
47 94
47 98
47 100
47 106
47 107
47 109
47 110
47 115
47 117
47 120
47 124
47 130
47 137
47 146
47 149
47 158
47 160
47 165
47 166
47 180
47 183
47 185
47 186
47 188
47 192
47 198
47 199
47 201
47 205
47 207
47 211
47 214
47 219
47 220
47 221
47 227
47 233
47 235
47 237
47 238
47 245
47 246
47 250
48 58
48 63
48 64
48 70
48 71
48 73
48 79
48 80
48 82
48 83
48 84
48 86
48 89
48 90
48 95
48 96
48 97
48 98
48 99
48 102
48 104
48 112
48 113
48 115
48 118
48 119
48 124
48 127
48 129
48 130
48 131
48 133
48 144
48 145
48 148
48 153
48 156
48 158
48 159
48 160
48 162
48 164
48 169
48 176
48 178
48 185
48 188
48 189
48 191
48 192
48 193
48 195
48 198
48 207
48 209
48 214
48 216
48 217
48 221
48 223
48 227
48 231
48 234
48 235
48 241
48 244
48 245
48 246
48 248
49 51
49 54
49 55
49 56
49 65
49 66
49 67
49 68
49 69
49 70
49 71
49 76
49 80
49 86
49 92
49 93
49 94
49 99
49 105
49 106
49 109
49 111
49 113
49 116
49 119
49 130
49 132
49 140
49 142
49 144
49 148
49 150
49 151
49 152
49 155
49 156
49 159
49 164
49 165
49 176
49 185
49 188
49 197
49 199
49 200
49 201
49 203
49 207
49 208
49 210
49 214
49 218
49 219
49 227
49 229
49 230
49 232
49 235
49 236
49 238
49 239
49 244
49 245
49 248
50 61
50 65
50 70
50 72
50 73
50 76
50 77
50 80
50 88
50 94
50 95
50 99
50 100
50 102
50 108
50 109
50 130
50 131
50 138
50 139
50 144
50 145
50 149
50 150
50 155
50 158
50 159
50 160
50 162
50 166
50 177
50 184
50 191
50 197
50 198
50 200
50 204
50 217
50 218
50 220
50 222
50 223
50 224
50 225
50 226
50 231
50 234
50 238
50 250
51 53
51 55
51 57
51 58
51 63
51 64
51 68
51 69
51 73
51 77
51 79
51 80
51 81
51 82
51 85
51 86
51 92
51 93
51 96
51 98
51 99
51 101
51 105
51 114
51 115
51 116
51 122
51 123
51 125
51 127
51 130
51 136
51 138
51 140
51 143
51 147
51 159
51 163
51 168
51 171
51 172
51 174
51 178
51 183
51 184
51 190
51 194
51 195
51 196
51 197
51 203
51 210
51 211
51 217
51 221
51 223
51 225
51 226
51 227
51 239
51 243
51 248
51 249
51 250
52 56
52 63
52 66
52 68
52 69
52 70
52 75
52 91
52 93
52 96
52 98
52 101
52 104
52 107
52 110
52 115
52 116
52 122
52 124
52 126
52 131
52 132
52 133
52 134
52 138
52 142
52 147
52 149
52 159
52 163
52 169
52 170
52 174
52 180
52 181
52 182
52 185
52 188
52 189
52 191
52 196
52 198
52 208
52 209
52 210
52 213
52 216
52 217
52 221
52 223
52 226
52 229
52 233
52 239
52 241
52 242
52 243
52 244
52 248
52 249
53 61
53 64
53 68
53 74
53 80
53 81
53 86
53 92
53 95
53 96
53 97
53 100
53 101
53 106
53 108
53 109
53 112
53 117
53 120
53 124
53 134
53 135
53 138
53 140
53 142
53 145
53 150
53 153
53 156
53 162
53 163
53 164
53 171
53 172
53 175
53 176
53 179
53 180
53 182
53 190
53 193
53 195
53 196
53 212
53 215
53 216
53 221
53 222
53 224
53 226
53 230
53 233
53 235
53 240
53 241
53 242
53 243
53 246
53 249
54 61
54 64
54 69
54 84
54 87
54 89
54 94
54 96
54 98
54 99
54 102
54 108
54 114
54 115
54 116
54 117
54 120
54 123
54 125
54 126
54 135
54 143
54 144
54 154
54 163
54 168
54 172
54 181
54 184
54 191
54 195
54 196
54 198
54 200
54 201
54 206
54 207
54 212
54 215
54 217
54 223
54 224
54 231
54 232
54 233
54 234
54 242
54 244
54 245
55 57
55 78
55 84
55 85
55 86
55 88
55 90
55 96
55 98
55 103
55 104
55 112
55 113
55 120
55 123
55 126
55 130
55 132
55 136
55 137
55 140
55 141
55 142
55 150
55 153
55 154
55 155
55 162
55 167
55 169
55 172
55 175
55 176
55 178
55 191
55 200
55 202
55 204
55 216
55 218
55 221
55 234
55 238
55 242
55 243
56 59
56 61
56 65
56 68
56 69
56 81
56 83
56 85
56 87
56 90
56 91
56 98
56 102
56 108
56 109
56 110
56 123
56 130
56 131
56 133
56 138
56 139
56 140
56 143
56 145
56 150
56 151
56 153
56 164
56 168
56 169
56 171
56 182
56 184
56 188
56 190
56 194
56 196
56 199
56 207
56 212
56 213
56 217
56 218
56 221
56 228
56 229
56 233
56 234
56 240
56 246
57 68
57 73
57 74
57 75
57 77
57 78
57 84
57 88
57 89
57 90
57 95
57 98
57 99
57 101
57 107
57 111
57 113
57 115
57 117
57 118
57 122
57 126
57 127
57 132
57 133
57 136
57 137
57 142
57 145
57 147
57 149
57 150
57 152
57 154
57 160
57 163
57 164
57 166
57 168
57 172
57 177
57 181
57 182
57 195
57 196
57 197
57 198
57 200
57 203
57 205
57 207
57 209
57 211
57 217
57 219
57 221
57 223
57 227
57 234
57 236
57 242
57 246
57 250
58 62
58 65
58 66
58 75
58 77
58 80
58 85
58 88
58 95
58 103
58 108
58 109
58 110
58 111
58 113
58 115
58 119
58 131
58 135
58 138
58 140
58 143
58 149
58 154
58 155
58 156
58 157
58 160
58 162
58 165
58 172
58 173
58 179
58 180
58 181
58 182
58 185
58 188
58 193
58 195
58 199
58 200
58 209
58 210
58 211
58 215
58 217
58 222
58 223
58 229
58 240
58 241
58 243
58 249
59 60
59 66
59 68
59 69
59 70
59 71
59 75
59 76
59 79
59 87
59 88
59 90
59 98
59 99
59 102
59 103
59 105
59 106
59 107
59 112
59 113
59 125
59 128
59 129
59 135
59 143
59 144
59 152
59 154
59 156
59 164
59 170
59 173
59 177
59 181
59 185
59 187
59 188
59 189
59 190
59 192
59 193
59 196
59 200
59 201
59 205
59 206
59 207
59 213
59 214
59 217
59 220
59 222
59 225
59 226
59 232
59 233
59 234
59 240
59 244
59 247
60 62
60 64
60 76
60 80
60 81
60 86
60 89
60 90
60 91
60 97
60 111
60 113
60 114
60 115
60 118
60 122
60 123
60 127
60 136
60 138
60 141
60 142
60 143
60 149
60 154
60 160
60 162
60 169
60 171
60 174
60 175
60 176
60 177
60 178
60 179
60 182
60 184
60 190
60 194
60 196
60 197
60 200
60 214
60 215
60 217
60 219
60 227
60 228
60 234
60 235
60 239
60 247
60 248
61 62
61 63
61 65
61 71
61 73
61 77
61 80
61 83
61 85
61 94
61 96
61 99
61 102
61 113
61 118
61 121
61 129
61 132
61 135
61 141
61 147
61 149
61 151
61 156
61 161
61 164
61 166
61 167
61 169
61 170
61 171
61 174
61 179
61 181
61 186
61 189
61 190
61 191
61 195
61 197
61 199
61 200
61 202
61 203
61 205
61 206
61 209
61 210
61 214
61 221
61 223
61 232
61 235
61 244
61 245
62 64
62 65
62 69
62 71
62 72
62 75
62 80
62 82
62 84
62 91
62 92
62 93
62 96
62 109
62 110
62 112
62 114
62 115
62 123
62 125
62 128
62 129
62 132
62 135
62 143
62 146
62 148
62 149
62 153
62 155
62 157
62 158
62 159
62 160
62 161
62 163
62 167
62 169
62 170
62 171
62 187
62 195
62 196
62 197
62 198
62 199
62 208
62 211
62 213
62 215
62 216
62 217
62 218
62 219
62 221
62 222
62 224
62 233
62 237
62 242
62 244
63 66
63 69
63 73
63 75
63 83
63 86
63 98
63 102
63 105
63 109
63 116
63 117
63 121
63 124
63 136
63 138
63 142
63 143
63 144
63 146
63 148
63 152
63 153
63 154
63 163
63 167
63 168
63 170
63 172
63 191
63 195
63 197
63 198
63 203
63 206
63 215
63 218
63 226
63 229
63 231
63 233
63 238
63 240
63 242
63 244
63 246
63 248
63 250
64 65
64 66
64 67
64 68
64 69
64 72
64 75
64 79
64 84
64 85
64 87
64 88
64 92
64 95
64 96
64 97
64 98
64 100
64 104
64 106
64 107
64 110
64 111
64 112
64 114
64 118
64 120
64 121
64 132
64 137
64 145
64 147
64 152
64 153
64 158
64 162
64 166
64 169
64 171
64 173
64 175
64 176
64 177
64 179
64 180
64 184
64 188
64 190
64 192
64 195
64 208
64 213
64 215
64 219
64 220
64 223
64 226
64 227
64 233
64 234
64 236
64 237
64 238
64 240
64 243
64 248
65 68
65 72
65 74
65 87
65 90
65 91
65 92
65 93
65 94
65 95
65 100
65 108
65 110
65 126
65 130
65 131
65 137
65 138
65 140
65 141
65 145
65 148
65 149
65 150
65 152
65 153
65 161
65 165
65 169
65 172
65 173
65 175
65 179
65 180
65 181
65 182
65 184
65 188
65 189
65 191
65 194
65 197
65 200
65 201
65 208
65 210
65 211
65 213
65 219
65 222
65 224
65 225
65 232
65 233
65 235
65 236
65 240
65 242
65 244
65 247
65 249
66 73
66 76
66 77
66 79
66 80
66 81
66 82
66 84
66 86
66 87
66 96
66 103
66 105
66 108
66 109
66 114
66 115
66 116
66 117
66 121
66 123
66 125
66 126
66 129
66 131
66 132
66 136
66 145
66 148
66 150
66 152
66 154
66 156
66 158
66 161
66 168
66 172
66 176
66 180
66 181
66 186
66 187
66 188
66 195
66 197
66 200
66 201
66 208
66 215
66 221
66 229
66 230
66 232
66 233
66 237
66 241
66 243
66 244
66 245
66 247
66 250
67 68
67 70
67 72
67 78
67 83
67 87
67 90
67 91
67 93
67 104
67 105
67 106
67 109
67 112
67 117
67 126
67 129
67 130
67 131
67 133
67 134
67 136
67 137
67 138
67 153
67 155
67 156
67 157
67 160
67 164
67 168
67 171
67 176
67 183
67 184
67 187
67 191
67 192
67 194
67 199
67 210
67 217
67 220
67 226
67 227
67 228
67 229
67 236
67 240
67 245
67 246
67 247
67 249
67 250
68 71
68 72
68 73
68 74
68 76
68 78
68 79
68 87
68 88
68 93
68 94
68 95
68 96
68 100
68 102
68 103
68 110
68 111
68 113
68 124
68 130
68 131
68 132
68 134
68 135
68 139
68 141
68 145
68 146
68 147
68 150
68 161
68 165
68 166
68 174
68 175
68 182
68 189
68 190
68 191
68 196
68 198
68 199
68 208
68 209
68 212
68 213
68 214
68 216
68 219
68 235
68 244
68 245
68 247
69 70
69 71
69 73
69 81
69 82
69 83
69 85
69 86
69 90
69 92
69 110
69 113
69 114
69 115
69 119
69 120
69 121
69 125
69 126
69 130
69 138
69 148
69 155
69 159
69 163
69 164
69 172
69 173
69 174
69 176
69 177
69 181
69 182
69 184
69 186
69 187
69 190
69 192
69 196
69 198
69 199
69 200
69 204
69 205
69 207
69 208
69 211
69 212
69 213
69 214
69 216
69 219
69 220
69 227
69 231
69 232
69 239
69 240
69 242
69 243
69 250
70 77
70 80
70 81
70 82
70 83
70 86
70 88
70 90
70 91
70 95
70 96
70 99
70 106
70 111
70 112
70 116
70 120
70 121
70 123
70 128
70 129
70 130
70 131
70 133
70 134
70 142
70 145
70 147
70 149
70 150
70 152
70 159
70 160
70 161
70 162
70 163
70 166
70 167
70 169
70 170
70 172
70 175
70 180
70 185
70 189
70 194
70 196
70 203
70 209
70 210
70 213
70 216
70 218
70 220
70 225
70 230
70 231
70 234
70 236
70 239
70 242
70 245
70 246
70 250
71 74
71 77
71 78
71 79
71 87
71 91
71 106
71 109
71 110
71 113
71 115
71 117
71 120
71 124
71 126
71 127
71 131
71 134
71 142
71 146
71 150
71 151
71 154
71 156
71 158
71 165
71 169
71 170
71 171
71 176
71 178
71 181
71 186
71 191
71 194
71 199
71 200
71 202
71 204
71 207
71 209
71 211
71 212
71 216
71 217
71 223
71 224
71 225
71 226
71 228
71 232
71 233
71 235
71 236
71 237
71 238
71 246
72 76
72 77
72 78
72 79
72 85
72 87
72 88
72 93
72 94
72 99
72 103
72 104
72 117
72 123
72 130
72 131
72 138
72 139
72 140
72 148
72 151
72 154
72 165
72 171
72 172
72 173
72 180
72 181
72 184
72 187
72 189
72 200
72 201
72 202
72 207
72 208
72 209
72 211
72 218
72 219
72 220
72 223
72 230
72 235
72 240
72 245
72 248
73 74
73 76
73 82
73 86
73 91
73 97
73 101
73 107
73 109
73 110
73 114
73 116
73 117
73 125
73 129
73 130
73 131
73 132
73 134
73 140
73 143
73 144
73 147
73 151
73 153
73 156
73 159
73 161
73 162
73 173
73 174
73 179
73 186
73 188
73 203
73 206
73 207
73 209
73 210
73 213
73 216
73 221
73 224
73 227
73 231
73 232
73 234
73 235
73 239
73 240
73 241
73 246
74 76
74 78
74 87
74 89
74 94
74 96
74 97
74 98
74 99
74 101
74 105
74 106
74 107
74 111
74 115
74 121
74 123
74 130
74 131
74 138
74 140
74 142
74 144
74 149
74 151
74 160
74 165
74 166
74 167
74 171
74 174
74 175
74 176
74 179
74 180
74 181
74 188
74 189
74 191
74 194
74 204
74 209
74 210
74 211
74 212
74 219
74 221
74 228
74 231
74 235
74 238
74 243
74 247
74 248
75 76
75 81
75 82
75 83
75 85
75 87
75 91
75 92
75 95
75 96
75 99
75 103
75 104
75 106
75 107
75 108
75 116
75 117
75 125
75 126
75 127
75 138
75 141
75 142
75 145
75 149
75 150
75 155
75 160
75 161
75 162
75 164
75 175
75 179
75 182
75 184
75 190
75 197
75 200
75 203
75 204
75 205
75 212
75 216
75 221
75 238
75 242
75 247
75 248
76 77
76 78
76 79
76 82
76 85
76 87
76 89
76 91
76 94
76 99
76 102
76 110
76 112
76 118
76 120
76 125
76 128
76 130
76 131
76 133
76 139
76 140
76 146
76 151
76 156
76 157
76 159
76 162
76 167
76 170
76 174
76 178
76 179
76 181
76 182
76 188
76 189
76 190
76 193
76 195
76 196
76 198
76 204
76 206
76 208
76 217
76 219
76 226
76 229
76 230
76 234
76 235
76 236
76 239
76 240
76 241
76 242
76 243
76 244
76 245
76 250
77 78
77 84
77 89
77 90
77 91
77 93
77 100
77 114
77 116
77 120
77 123
77 124
77 125
77 141
77 142
77 144
77 152
77 153
77 163
77 170
77 173
77 174
77 175
77 177
77 181
77 182
77 183
77 186
77 190
77 191
77 192
77 195
77 196
77 201
77 202
77 203
77 211
77 215
77 218
77 221
77 224
77 228
77 229
77 231
77 232
77 234
77 236
77 237
77 238
77 249
78 82
78 83
78 91
78 94
78 99
78 100
78 107
78 108
78 109
78 112
78 113
78 115
78 118
78 122
78 123
78 127
78 128
78 133
78 134
78 135
78 139
78 144
78 146
78 149
78 152
78 153
78 154
78 155
78 156
78 158
78 161
78 168
78 174
78 175
78 179
78 183
78 187
78 189
78 196
78 197
78 204
78 205
78 207
78 210
78 216
78 220
78 227
78 228
78 229
78 237
78 239
78 248
78 249
79 81
79 83
79 87
79 90
79 104
79 106
79 107
79 111
79 112
79 113
79 116
79 120
79 122
79 130
79 133
79 136
79 138
79 139
79 143
79 144
79 146
79 147
79 149
79 150
79 154
79 160
79 162
79 167
79 170
79 182
79 184
79 185
79 187
79 193
79 197
79 198
79 200
79 201
79 203
79 209
79 210
79 223
79 234
79 235
79 242
80 82
80 83
80 84
80 92
80 96
80 99
80 100
80 101
80 104
80 108
80 109
80 114
80 121
80 122
80 123
80 125
80 126
80 129
80 134
80 137
80 140
80 141
80 151
80 153
80 154
80 155
80 156
80 165
80 167
80 169
80 172
80 173
80 175
80 178
80 179
80 180
80 181
80 183
80 186
80 199
80 200
80 201
80 205
80 208
80 214
80 215
80 216
80 222
80 223
80 226
80 232
80 233
80 236
80 237
80 241
80 242
80 243
80 247
80 248
81 82
81 84
81 85
81 86
81 98
81 100
81 102
81 103
81 128
81 132
81 134
81 140
81 141
81 142
81 143
81 147
81 150
81 152
81 154
81 157
81 161
81 164
81 165
81 166
81 171
81 173
81 174
81 178
81 180
81 182
81 184
81 191
81 192
81 195
81 197
81 199
81 200
81 201
81 203
81 211
81 214
81 215
81 220
81 223
81 225
81 229
81 231
81 234
81 235
81 237
81 242
82 86
82 90
82 93
82 103
82 108
82 109
82 110
82 114
82 128
82 131
82 132
82 134
82 136
82 137
82 144
82 148
82 152
82 154
82 156
82 160
82 163
82 165
82 172
82 181
82 182
82 183
82 186
82 187
82 191
82 192
82 194
82 195
82 197
82 206
82 210
82 211
82 213
82 220
82 231
82 233
82 234
82 238
82 243
82 244
83 90
83 94
83 95
83 104
83 107
83 108
83 110
83 111
83 114
83 117
83 118
83 129
83 131
83 135
83 140
83 141
83 143
83 146
83 149
83 151
83 152
83 153
83 159
83 165
83 168
83 169
83 170
83 177
83 178
83 179
83 180
83 182
83 188
83 189
83 190
83 191
83 196
83 197
83 200
83 204
83 208
83 213
83 215
83 217
83 223
83 224
83 226
83 227
83 235
83 236
83 248
84 85
84 88
84 97
84 98
84 99
84 101
84 105
84 107
84 110
84 115
84 120
84 125
84 128
84 133
84 134
84 140
84 144
84 148
84 152
84 156
84 167
84 175
84 179
84 185
84 186
84 187
84 190
84 198
84 201
84 205
84 211
84 213
84 215
84 218
84 219
84 221
84 222
84 225
84 232
84 233
84 235
84 237
84 241
84 243
84 244
84 246
84 247
84 250
85 86
85 96
85 102
85 103
85 104
85 115
85 118
85 119
85 122
85 132
85 133
85 134
85 135
85 139
85 141
85 142
85 145
85 152
85 154
85 156
85 161
85 166
85 168
85 169
85 174
85 175
85 177
85 179
85 180
85 183
85 184
85 188
85 189
85 192
85 198
85 207
85 209
85 211
85 214
85 216
85 220
85 224
85 230
85 231
85 236
85 237
85 246
85 248
85 249
86 88
86 91
86 94
86 97
86 99
86 101
86 108
86 115
86 118
86 124
86 130
86 143
86 147
86 149
86 151
86 154
86 155
86 156
86 162
86 165
86 166
86 167
86 172
86 178
86 181
86 183
86 185
86 190
86 193
86 196
86 202
86 207
86 211
86 212
86 215
86 218
86 228
86 232
86 241
86 242
86 243
86 244
86 249
87 94
87 98
87 102
87 103
87 104
87 113
87 119
87 121
87 129
87 131
87 134
87 137
87 138
87 143
87 145
87 151
87 152
87 155
87 159
87 160
87 161
87 163
87 166
87 170
87 172
87 177
87 179
87 180
87 182
87 183
87 185
87 198
87 200
87 203
87 210
87 211
87 217
87 218
87 222
87 223
87 230
87 239
87 240
87 244
87 250
88 95
88 99
88 103
88 108
88 109
88 112
88 116
88 117
88 118
88 121
88 123
88 124
88 137
88 139
88 143
88 145
88 147
88 148
88 150
88 151
88 154
88 156
88 165
88 170
88 171
88 172
88 175
88 179
88 180
88 182
88 191
88 198
88 199
88 208
88 209
88 216
88 217
88 219
88 224
88 226
88 231
88 233
88 234
88 238
88 239
88 241
88 242
88 243
88 246
88 248
89 91
89 98
89 101
89 102
89 104
89 110
89 111
89 121
89 124
89 129
89 131
89 132
89 135
89 147
89 153
89 155
89 163
89 164
89 168
89 171
89 172
89 179
89 182
89 191
89 199
89 200
89 209
89 211
89 214
89 215
89 217
89 221
89 222
89 223
89 225
89 230
89 231
89 233
89 234
89 236
89 239
89 240
89 248
89 249
89 250
90 92
90 93
90 95
90 103
90 112
90 113
90 115
90 136
90 137
90 140
90 147
90 148
90 151
90 153
90 157
90 159
90 164
90 165
90 167
90 169
90 172
90 174
90 177
90 180
90 181
90 184
90 187
90 189
90 199
90 200
90 213
90 222
90 224
90 231
90 237
90 240
90 241
91 93
91 94
91 95
91 96
91 99
91 100
91 102
91 107
91 108
91 111
91 115
91 118
91 119
91 120
91 121
91 130
91 131
91 132
91 134
91 135
91 141
91 143
91 144
91 146
91 147
91 153
91 154
91 169
91 172
91 180
91 181
91 184
91 185
91 186
91 191
91 192
91 194
91 196
91 198
91 200
91 206
91 210
91 211
91 213
91 216
91 218
91 220
91 223
91 225
91 226
91 227
91 228
91 235
91 237
91 239
91 240
91 246
91 248
91 250
92 93
92 96
92 103
92 104
92 106
92 108
92 113
92 116
92 117
92 122
92 125
92 127
92 128
92 129
92 130
92 131
92 135
92 141
92 152
92 153
92 154
92 167
92 170
92 173
92 179
92 183
92 185
92 186
92 187
92 188
92 190
92 191
92 192
92 194
92 195
92 196
92 205
92 210
92 220
92 223
92 224
92 225
92 234
92 237
92 238
92 239
92 240
92 242
93 94
93 95
93 105
93 106
93 112
93 116
93 118
93 119
93 120
93 121
93 124
93 126
93 130
93 139
93 141
93 143
93 153
93 156
93 158
93 161
93 164
93 169
93 171
93 172
93 175
93 180
93 182
93 187
93 188
93 192
93 197
93 200
93 205
93 207
93 209
93 212
93 214
93 215
93 216
93 218
93 222
93 223
93 224
93 225
93 228
93 231
93 237
93 240
93 241
93 242
93 244
93 246
93 247
94 95
94 97
94 102
94 106
94 108
94 109
94 112
94 118
94 124
94 125
94 128
94 129
94 133
94 136
94 137
94 139
94 140
94 142
94 143
94 144
94 147
94 148
94 154
94 159
94 163
94 164
94 167
94 169
94 170
94 172
94 173
94 174
94 176
94 177
94 178
94 181
94 182
94 184
94 190
94 200
94 201
94 202
94 205
94 207
94 209
94 210
94 223
94 224
94 225
94 228
94 237
94 242
94 244
95 97
95 98
95 99
95 100
95 102
95 105
95 108
95 113
95 116
95 121
95 122
95 124
95 127
95 128
95 129
95 130
95 133
95 136
95 137
95 138
95 144
95 145
95 147
95 149
95 155
95 158
95 160
95 166
95 167
95 172
95 175
95 179
95 183
95 190
95 193
95 196
95 206
95 207
95 212
95 216
95 217
95 218
95 219
95 222
95 227
95 233
95 234
95 238
95 239
95 242
95 243
95 247
95 248
96 97
96 99
96 107
96 108
96 111
96 112
96 114
96 117
96 121
96 124
96 125
96 131
96 133
96 151
96 157
96 160
96 161
96 167
96 168
96 173
96 175
96 180
96 182
96 185
96 188
96 189
96 191
96 192
96 193
96 194
96 195
96 198
96 199
96 203
96 204
96 205
96 207
96 212
96 216
96 221
96 225
96 231
96 236
96 238
96 246
96 247
96 249
97 98
97 105
97 107
97 112
97 115
97 116
97 117
97 119
97 120
97 122
97 125
97 126
97 128
97 134
97 135
97 139
97 140
97 141
97 142
97 144
97 149
97 153
97 155
97 156
97 157
97 158
97 159
97 161
97 162
97 164
97 166
97 172
97 173
97 175
97 180
97 186
97 187
97 189
97 191
97 205
97 212
97 216
97 236
97 237
97 239
97 242
97 245
97 246
97 249
98 99
98 101
98 110
98 113
98 114
98 119
98 122
98 125
98 126
98 129
98 133
98 140
98 151
98 152
98 154
98 158
98 160
98 166
98 167
98 172
98 177
98 184
98 185
98 191
98 195
98 196
98 202
98 211
98 212
98 214
98 215
98 217
98 222
98 224
98 226
98 227
98 233
98 234
98 239
98 241
98 245
99 101
99 102
99 121
99 122
99 125
99 128
99 132
99 133
99 135
99 137
99 140
99 142
99 143
99 144
99 146
99 147
99 150
99 154
99 157
99 158
99 162
99 163
99 166
99 178
99 179
99 184
99 185
99 186
99 187
99 192
99 196
99 199
99 204
99 208
99 209
99 210
99 212
99 213
99 214
99 216
99 218
99 219
99 223
99 225
99 227
99 228
99 238
99 242
99 243
99 244
99 246
99 247
100 101
100 102
100 103
100 105
100 107
100 109
100 110
100 119
100 122
100 125
100 127
100 133
100 138
100 148
100 153
100 155
100 159
100 163
100 165
100 166
100 167
100 173
100 177
100 178
100 181
100 193
100 194
100 195
100 196
100 197
100 198
100 204
100 208
100 209
100 211
100 216
100 217
100 218
100 224
100 231
100 232
100 236
100 240
100 244
100 248
100 250
101 104
101 112
101 115
101 116
101 119
101 122
101 127
101 128
101 129
101 132
101 134
101 135
101 138
101 140
101 141
101 144
101 146
101 149
101 150
101 152
101 154
101 155
101 158
101 161
101 162
101 163
101 164
101 165
101 175
101 177
101 180
101 181
101 184
101 188
101 189
101 190
101 192
101 195
101 197
101 198
101 202
101 204
101 219
101 234
101 243
101 250
102 106
102 116
102 120
102 122
102 124
102 125
102 128
102 132
102 135
102 138
102 139
102 140
102 143
102 148
102 151
102 157
102 158
102 162
102 174
102 179
102 182
102 185
102 186
102 195
102 198
102 199
102 206
102 209
102 212
102 215
102 216
102 219
102 223
102 224
102 225
102 227
102 234
102 236
102 237
102 238
102 239
102 241
102 244
102 248
103 105
103 111
103 120
103 122
103 123
103 129
103 133
103 139
103 143
103 155
103 160
103 171
103 172
103 175
103 176
103 182
103 195
103 197
103 200
103 204
103 209
103 211
103 217
103 219
103 220
103 222
103 223
103 224
103 228
103 229
103 232
103 236
103 240
103 241
103 245
104 110
104 111
104 113
104 114
104 116
104 123
104 126
104 129
104 130
104 131
104 134
104 139
104 141
104 142
104 143
104 147
104 148
104 153
104 154
104 160
104 161
104 163
104 167
104 170
104 174
104 184
104 187
104 192
104 196
104 206
104 208
104 209
104 210
104 212
104 213
104 222
104 227
104 228
104 233
104 234
104 239
104 240
104 244
104 248
105 109
105 111
105 112
105 117
105 120
105 132
105 133
105 134
105 135
105 136
105 139
105 140
105 141
105 146
105 147
105 153
105 155
105 160
105 161
105 162
105 165
105 166
105 172
105 173
105 181
105 183
105 185
105 188
105 189
105 192
105 195
105 201
105 203
105 213
105 214
105 221
105 222
105 223
105 224
105 226
105 231
105 233
105 234
105 236
105 237
105 244
105 248
106 116
106 119
106 120
106 121
106 128
106 132
106 136
106 148
106 153
106 154
106 160
106 165
106 168
106 169
106 177
106 181
106 183
106 187
106 189
106 192
106 195
106 197
106 199
106 200
106 204
106 207
106 210
106 211
106 213
106 218
106 219
106 222
106 229
106 231
106 232
106 233
106 236
106 244
106 249
106 250
107 112
107 116
107 117
107 118
107 119
107 120
107 129
107 132
107 133
107 135
107 139
107 147
107 150
107 154
107 155
107 160
107 161
107 164
107 170
107 176
107 177
107 178
107 181
107 182
107 189
107 190
107 191
107 202
107 203
107 204
107 210
107 221
107 223
107 227
107 228
107 232
107 236
107 240
107 243
107 244
107 249
108 109
108 111
108 114
108 120
108 121
108 122
108 123
108 124
108 126
108 132
108 133
108 136
108 141
108 144
108 145
108 149
108 150
108 152
108 153
108 156
108 157
108 161
108 163
108 169
108 171
108 172
108 175
108 177
108 180
108 183
108 187
108 188
108 190
108 193
108 199
108 200
108 201
108 202
108 203
108 206
108 209
108 212
108 220
108 224
108 225
108 229
108 230
108 231
108 233
108 236
108 238
108 239
108 240
108 244
108 247
108 248
108 249
109 113
109 123
109 130
109 131
109 132
109 134
109 135
109 136
109 143
109 144
109 146
109 150
109 153
109 159
109 160
109 163
109 167
109 173
109 174
109 176
109 177
109 183
109 190
109 193
109 198
109 199
109 200
109 204
109 206
109 212
109 225
109 226
109 230
109 237
109 240
109 244
109 248
110 111
110 114
110 117
110 124
110 125
110 126
110 129
110 131
110 137
110 138
110 140
110 141
110 144
110 147
110 150
110 159
110 175
110 179
110 182
110 184
110 191
110 194
110 198
110 201
110 207
110 210
110 220
110 221
110 226
110 227
110 232
110 234
110 236
110 244
110 245
110 247
111 112
111 114
111 117
111 119
111 123
111 129
111 133
111 147
111 149
111 150
111 159
111 162
111 167
111 168
111 176
111 182
111 185
111 187
111 191
111 192
111 195
111 197
111 201
111 213
111 219
111 220
111 221
111 222
111 223
111 224
111 229
111 232
111 237
111 238
111 239
111 240
111 241
111 244
111 245
111 246
111 247
111 248
112 113
112 114
112 116
112 117
112 118
112 121
112 122
112 123
112 135
112 138
112 140
112 149
112 155
112 165
112 169
112 170
112 172
112 178
112 180
112 192
112 193
112 194
112 195
112 197
112 208
112 211
112 222
112 224
112 226
112 227
112 228
112 229
112 230
112 233
112 237
112 248
113 116
113 121
113 123
113 129
113 131
113 133
113 134
113 136
113 139
113 140
113 141
113 142
113 154
113 157
113 160
113 161
113 171
113 174
113 175
113 176
113 178
113 182
113 184
113 187
113 188
113 194
113 198
113 199
113 201
113 203
113 204
113 205
113 210
113 211
113 213
113 217
113 218
113 220
113 225
113 227
113 235
113 237
113 239
113 246
114 115
114 121
114 131
114 133
114 134
114 136
114 141
114 145
114 146
114 149
114 155
114 156
114 158
114 171
114 173
114 175
114 178
114 179
114 180
114 184
114 186
114 188
114 189
114 192
114 193
114 194
114 196
114 202
114 218
114 219
114 220
114 221
114 224
114 225
114 235
114 238
114 240
114 249
114 250
115 116
115 119
115 124
115 126
115 134
115 138
115 139
115 140
115 141
115 146
115 148
115 150
115 153
115 155
115 161
115 164
115 166
115 167
115 169
115 173
115 176
115 177
115 182
115 183
115 186
115 199
115 204
115 206
115 207
115 208
115 210
115 211
115 217
115 221
115 222
115 223
115 230
115 233
115 235
115 236
115 239
115 244
115 245
116 118
116 125
116 127
116 129
116 136
116 139
116 144
116 145
116 157
116 164
116 165
116 167
116 172
116 188
116 191
116 195
116 196
116 199
116 203
116 205
116 213
116 217
116 222
116 226
116 227
116 229
116 233
116 234
116 235
116 243
116 246
116 248
116 250
117 120
117 127
117 128
117 134
117 137
117 141
117 147
117 150
117 153
117 157
117 159
117 163
117 173
117 174
117 178
117 181
117 188
117 189
117 190
117 194
117 195
117 197
117 198
117 200
117 201
117 206
117 207
117 209
117 210
117 214
117 219
117 224
117 227
117 234
117 237
117 239
117 240
117 247
117 249
118 119
118 121
118 123
118 130
118 135
118 136
118 139
118 152
118 157
118 161
118 162
118 164
118 171
118 172
118 174
118 184
118 185
118 186
118 190
118 194
118 196
118 198
118 199
118 200
118 201
118 208
118 209
118 212
118 217
118 219
118 222
118 224
118 225
118 232
118 238
118 239
118 249
118 250
119 120
119 151
119 155
119 157
119 158
119 161
119 162
119 163
119 166
119 173
119 179
119 186
119 189
119 190
119 207
119 213
119 216
119 217
119 220
119 224
119 226
119 227
119 229
119 230
119 232
119 234
119 237
119 238
119 240
119 242
119 247
119 248
119 250
120 126
120 128
120 134
120 139
120 146
120 149
120 154
120 159
120 163
120 166
120 169
120 174
120 176
120 179
120 181
120 182
120 190
120 192
120 193
120 194
120 199
120 216
120 217
120 221
120 222
120 224
120 227
120 228
120 229
120 231
120 234
120 244
120 247
120 248
120 250
121 123
121 130
121 131
121 132
121 134
121 135
121 139
121 143
121 144
121 148
121 153
121 163
121 166
121 170
121 171
121 173
121 174
121 175
121 178
121 179
121 181
121 183
121 186
121 190
121 197
121 198
121 201
121 202
121 210
121 211
121 215
121 222
121 223
121 232
121 241
121 243
121 244
121 246
121 247
122 123
122 124
122 126
122 130
122 137
122 141
122 144
122 145
122 146
122 150
122 153
122 162
122 166
122 173
122 176
122 184
122 189
122 194
122 199
122 202
122 203
122 205
122 209
122 210
122 211
122 223
122 235
122 239
122 240
122 242
122 248
122 249
122 250
123 126
123 131
123 132
123 133
123 135
123 137
123 139
123 143
123 153
123 158
123 159
123 160
123 161
123 162
123 166
123 170
123 177
123 180
123 182
123 185
123 190
123 191
123 193
123 196
123 197
123 201
123 207
123 208
123 211
123 216
123 217
123 219
123 223
123 227
123 228
123 230
123 234
123 235
123 239
123 240
123 241
123 247
123 249
124 128
124 132
124 133
124 140
124 144
124 145
124 146
124 148
124 154
124 155
124 156
124 161
124 163
124 164
124 166
124 170
124 171
124 172
124 175
124 176
124 180
124 181
124 183
124 192
124 195
124 196
124 199
124 200
124 204
124 206
124 216
124 217
124 219
124 222
124 228
124 229
124 236
124 237
124 238
124 239
124 246
124 249
125 130
125 144
125 146
125 148
125 159
125 163
125 164
125 168
125 170
125 173
125 180
125 182
125 189
125 193
125 196
125 205
125 206
125 208
125 209
125 215
125 219
125 220
125 223
125 224
125 225
125 226
125 231
125 235
125 236
125 249
125 250
126 128
126 129
126 133
126 135
126 139
126 146
126 148
126 151
126 158
126 161
126 167
126 169
126 173
126 174
126 176
126 178
126 182
126 185
126 188
126 190
126 193
126 195
126 197
126 201
126 206
126 208
126 209
126 210
126 217
126 218
126 222
126 226
126 227
126 230
126 241
126 242
126 243
126 245
126 248
127 130
127 134
127 142
127 145
127 146
127 156
127 163
127 166
127 172
127 173
127 175
127 182
127 187
127 188
127 190
127 191
127 194
127 195
127 196
127 197
127 198
127 199
127 201
127 202
127 205
127 206
127 207
127 208
127 209
127 214
127 216
127 219
127 226
127 228
127 230
127 235
127 240
127 242
127 250
128 133
128 136
128 137
128 144
128 152
128 155
128 156
128 161
128 169
128 178
128 191
128 196
128 204
128 212
128 213
128 225
128 228
128 231
128 235
128 237
128 242
128 243
129 133
129 139
129 141
129 142
129 143
129 144
129 146
129 150
129 152
129 155
129 157
129 159
129 168
129 169
129 178
129 180
129 182
129 185
129 186
129 187
129 195
129 196
129 197
129 198
129 202
129 206
129 210
129 212
129 215
129 231
129 232
129 236
129 240
129 242
129 243
129 246
130 139
130 142
130 147
130 148
130 150
130 151
130 156
130 164
130 169
130 175
130 176
130 182
130 184
130 189
130 192
130 198
130 201
130 203
130 204
130 205
130 206
130 211
130 216
130 217
130 221
130 225
130 226
130 230
130 235
130 236
130 237
130 240
130 243
130 246
131 132
131 133
131 134
131 136
131 137
131 141
131 145
131 147
131 154
131 156
131 162
131 167
131 169
131 170
131 171
131 177
131 180
131 185
131 194
131 198
131 199
131 208
131 209
131 210
131 211
131 216
131 223
131 226
131 227
131 229
131 230
131 231
131 233
131 240
131 249
132 134
132 136
132 141
132 143
132 144
132 148
132 151
132 153
132 155
132 156
132 159
132 164
132 165
132 166
132 168
132 170
132 172
132 177
132 182
132 183
132 185
132 189
132 197
132 198
132 206
132 208
132 212
132 214
132 218
132 219
132 223
132 227
132 231
132 237
132 245
133 136
133 137
133 139
133 140
133 141
133 142
133 144
133 145
133 150
133 154
133 159
133 160
133 163
133 165
133 166
133 172
133 173
133 178
133 183
133 184
133 185
133 188
133 192
133 194
133 195
133 197
133 201
133 207
133 209
133 217
133 219
133 222
133 232
133 235
133 237
133 239
133 245
133 247
134 136
134 139
134 141
134 144
134 149
134 150
134 153
134 154
134 155
134 161
134 165
134 174
134 182
134 188
134 189
134 190
134 193
134 199
134 202
134 205
134 208
134 214
134 215
134 218
134 223
134 235
134 236
134 238
134 240
134 248
134 249
135 136
135 138
135 140
135 141
135 142
135 147
135 152
135 154
135 157
135 161
135 163
135 164
135 174
135 182
135 183
135 190
135 191
135 194
135 202
135 203
135 204
135 205
135 210
135 211
135 214
135 215
135 216
135 217
135 225
135 227
135 232
135 234
135 238
135 239
135 243
135 244
135 249
136 138
136 139
136 144
136 146
136 148
136 151
136 158
136 160
136 166
136 168
136 170
136 175
136 180
136 182
136 187
136 189
136 195
136 198
136 200
136 201
136 202
136 204
136 205
136 206
136 208
136 209
136 210
136 211
136 213
136 215
136 218
136 219
136 220
136 224
136 228
136 229
136 236
136 241
136 242
136 244
136 245
136 246
136 248
136 250
137 140
137 147
137 148
137 152
137 154
137 155
137 156
137 157
137 158
137 159
137 162
137 165
137 169
137 175
137 180
137 181
137 182
137 189
137 190
137 191
137 193
137 195
137 196
137 201
137 202
137 204
137 205
137 209
137 214
137 215
137 216
137 219
137 221
137 227
137 228
137 240
137 242
137 244
137 246
138 141
138 142
138 146
138 147
138 149
138 150
138 151
138 154
138 156
138 164
138 167
138 168
138 169
138 172
138 176
138 177
138 190
138 193
138 199
138 201
138 202
138 204
138 206
138 210
138 211
138 214
138 220
138 221
138 223
138 224
138 225
138 231
138 232
138 235
139 142
139 143
139 144
139 164
139 167
139 170
139 171
139 172
139 178
139 184
139 185
139 187
139 190
139 193
139 195
139 196
139 198
139 199
139 201
139 206
139 208
139 209
139 211
139 213
139 217
139 222
139 224
139 226
139 237
139 242
139 243
139 248
140 148
140 150
140 152
140 157
140 158
140 160
140 162
140 163
140 174
140 175
140 178
140 180
140 181
140 182
140 183
140 185
140 186
140 189
140 192
140 198
140 202
140 203
140 205
140 206
140 210
140 211
140 214
140 216
140 218
140 223
140 224
140 225
140 228
140 229
140 235
140 239
141 145
141 146
141 150
141 158
141 172
141 180
141 184
141 186
141 192
141 194
141 195
141 198
141 200
141 210
141 211
141 213
141 214
141 216
141 224
141 228
141 229
141 231
141 232
141 233
141 235
141 244
141 248
142 144
142 146
142 148
142 153
142 155
142 157
142 158
142 159
142 162
142 164
142 166
142 172
142 175
142 176
142 178
142 179
142 181
142 186
142 187
142 189
142 193
142 196
142 201
142 203
142 206
142 213
142 214
142 217
142 219
142 220
142 228
142 229
142 232
142 234
142 241
142 247
142 249
142 250
143 145
143 157
143 161
143 162
143 163
143 172
143 174
143 177
143 180
143 181
143 183
143 188
143 189
143 194
143 195
143 199
143 207
143 208
143 211
143 213
143 221
143 222
143 223
143 225
143 231
143 232
143 244
144 148
144 152
144 154
144 155
144 156
144 157
144 158
144 159
144 163
144 164
144 165
144 167
144 170
144 176
144 178
144 182
144 187
144 191
144 196
144 200
144 201
144 202
144 206
144 213
144 214
144 216
144 220
144 222
144 231
144 233
144 235
144 237
144 238
144 241
144 242
144 245
144 246
144 248
145 147
145 152
145 155
145 164
145 171
145 176
145 179
145 185
145 186
145 195
145 199
145 205
145 207
145 209
145 210
145 213
145 214
145 216
145 218
145 221
145 228
145 233
145 235
145 236
145 237
145 239
145 240
145 244
145 246
146 150
146 152
146 159
146 163
146 164
146 166
146 171
146 172
146 175
146 181
146 183
146 185
146 186
146 196
146 204
146 205
146 211
146 213
146 214
146 217
146 224
146 227
146 228
146 229
146 230
146 232
146 233
146 234
146 238
146 246
146 247
146 248
147 155
147 159
147 163
147 164
147 168
147 175
147 180
147 181
147 183
147 186
147 187
147 189
147 195
147 198
147 202
147 204
147 208
147 209
147 210
147 212
147 214
147 216
147 218
147 229
147 238
147 243
147 245
147 247
148 150
148 154
148 156
148 159
148 160
148 162
148 165
148 166
148 178
148 189
148 192
148 197
148 198
148 201
148 205
148 211
148 214
148 222
148 227
148 229
148 231
148 236
148 240
148 241
148 242
148 245
149 152
149 155
149 156
149 157
149 159
149 165
149 167
149 173
149 180
149 185
149 186
149 188
149 190
149 194
149 196
149 201
149 205
149 206
149 208
149 212
149 214
149 215
149 216
149 222
149 227
149 228
149 229
149 236
149 237
149 238
149 243
149 245
149 248
149 249
150 158
150 161
150 162
150 163
150 166
150 170
150 173
150 176
150 178
150 180
150 181
150 182
150 183
150 185
150 190
150 193
150 194
150 195
150 199
150 200
150 201
150 209
150 216
150 217
150 219
150 223
150 224
150 225
150 227
150 237
150 240
151 152
151 155
151 157
151 158
151 160
151 161
151 165
151 169
151 173
151 177
151 178
151 201
151 204
151 208
151 209
151 210
151 212
151 214
151 221
151 222
151 225
151 226
151 228
151 229
151 233
151 234
151 236
151 241
152 153
152 154
152 156
152 158
152 159
152 163
152 164
152 167
152 168
152 170
152 172
152 175
152 177
152 195
152 196
152 199
152 202
152 205
152 212
152 216
152 217
152 219
152 224
152 227
152 228
152 233
152 237
152 238
152 241
152 244
152 248
152 250
153 158
153 162
153 168
153 178
153 179
153 182
153 187
153 188
153 190
153 191
153 195
153 198
153 200
153 203
153 208
153 214
153 222
153 224
153 227
153 230
153 237
153 243
153 246
153 247
153 250
154 157
154 161
154 163
154 165
154 168
154 175
154 179
154 180
154 185
154 186
154 195
154 196
154 203
154 204
154 205
154 207
154 208
154 210
154 217
154 222
154 227
154 229
154 231
154 239
154 248
155 156
155 157
155 163
155 167
155 170
155 171
155 172
155 174
155 175
155 177
155 178
155 182
155 188
155 205
155 214
155 215
155 217
155 218
155 220
155 221
155 225
155 227
155 232
155 233
155 235
155 242
155 243
155 245
155 246
156 158
156 159
156 160
156 163
156 164
156 177
156 179
156 186
156 190
156 191
156 192
156 195
156 199
156 205
156 208
156 211
156 212
156 216
156 217
156 218
156 225
156 228
156 230
156 232
156 234
156 237
156 243
156 248
157 158
157 159
157 161
157 163
157 168
157 169
157 175
157 179
157 184
157 185
157 187
157 188
157 192
157 193
157 195
157 201
157 202
157 204
157 207
157 209
157 212
157 213
157 214
157 218
157 226
157 228
157 231
157 234
157 240
157 250
158 159
158 160
158 166
158 167
158 168
158 170
158 171
158 177
158 178
158 179
158 180
158 182
158 183
158 187
158 188
158 192
158 193
158 195
158 201
158 202
158 205
158 207
158 208
158 209
158 210
158 213
158 218
158 219
158 227
158 231
158 238
158 246
158 247
159 160
159 161
159 164
159 165
159 175
159 177
159 181
159 183
159 186
159 189
159 192
159 194
159 196
159 199
159 204
159 207
159 209
159 211
159 219
159 221
159 223
159 224
159 228
159 239
159 241
159 243
159 247
159 249
159 250
160 161
160 163
160 164
160 165
160 166
160 170
160 173
160 176
160 177
160 181
160 185
160 187
160 189
160 190
160 191
160 199
160 208
160 210
160 211
160 214
160 217
160 218
160 225
160 230
160 234
160 248
161 167
161 168
161 171
161 172
161 179
161 183
161 185
161 188
161 193
161 201
161 202
161 204
161 205
161 213
161 219
161 228
161 230
161 235
161 240
161 242
161 247
161 249
161 250
162 165
162 171
162 176
162 177
162 181
162 183
162 184
162 187
162 188
162 190
162 192
162 194
162 197
162 203
162 205
162 207
162 216
162 217
162 219
162 221
162 222
162 223
162 231
162 237
162 240
162 241
162 242
162 243
162 244
162 246
162 248
163 164
163 169
163 178
163 185
163 191
163 197
163 203
163 204
163 205
163 207
163 210
163 211
163 216
163 217
163 225
163 227
163 230
163 231
163 236
163 237
163 239
163 242
163 245
163 246
163 250
164 169
164 171
164 178
164 181
164 185
164 192
164 196
164 203
164 207
164 208
164 213
164 215
164 218
164 225
164 244
165 172
165 173
165 178
165 179
165 180
165 188
165 195
165 196
165 200
165 205
165 207
165 208
165 212
165 215
165 228
165 231
165 234
165 235
165 237
165 245
165 247
165 250
166 170
166 178
166 181
166 182
166 185
166 194
166 199
166 200
166 202
166 205
166 207
166 223
166 224
166 227
166 230
166 232
166 233
166 234
166 240
166 241
166 247
167 168
167 169
167 171
167 172
167 173
167 179
167 180
167 186
167 188
167 189
167 191
167 194
167 197
167 199
167 200
167 205
167 207
167 211
167 214
167 221
167 223
167 230
167 233
167 236
167 244
168 182
168 183
168 185
168 187
168 192
168 194
168 201
168 203
168 204
168 205
168 207
168 208
168 210
168 212
168 213
168 214
168 215
168 217
168 221
168 227
168 228
168 229
168 233
168 240
168 247
169 172
169 173
169 177
169 181
169 186
169 187
169 189
169 196
169 198
169 203
169 204
169 205
169 208
169 212
169 222
169 229
169 236
169 237
169 239
169 242
169 243
169 248
170 176
170 177
170 182
170 183
170 184
170 185
170 186
170 192
170 194
170 198
170 202
170 204
170 205
170 207
170 211
170 212
170 220
170 223
170 224
170 225
170 247
170 250
171 172
171 178
171 192
171 197
171 203
171 205
171 207
171 210
171 229
171 232
171 235
171 237
171 240
172 173
172 178
172 184
172 185
172 186
172 195
172 206
172 207
172 210
172 215
172 220
172 221
172 223
172 224
172 228
172 232
172 237
172 241
172 246
172 247
172 249
173 179
173 185
173 189
173 190
173 193
173 194
173 195
173 199
173 203
173 204
173 208
173 209
173 210
173 211
173 215
173 216
173 218
173 220
173 221
173 223
173 226
173 228
173 239
173 245
173 250
174 178
174 185
174 196
174 198
174 199
174 202
174 204
174 205
174 207
174 214
174 216
174 220
174 222
174 225
174 228
174 242
174 249
175 177
175 183
175 185
175 192
175 193
175 194
175 196
175 198
175 203
175 206
175 208
175 212
175 213
175 214
175 224
175 225
175 226
175 233
175 239
175 242
175 243
175 246
175 249
176 177
176 179
176 182
176 187
176 190
176 191
176 192
176 198
176 201
176 202
176 203
176 206
176 210
176 212
176 217
176 218
176 222
176 226
176 228
176 232
176 240
176 241
176 245
176 247
176 250
177 185
177 196
177 198
177 200
177 201
177 204
177 206
177 211
177 212
177 217
177 218
177 222
177 234
177 238
177 242
177 246
177 249
177 250
178 180
178 182
178 184
178 185
178 188
178 193
178 201
178 206
178 214
178 215
178 219
178 223
178 224
178 239
178 240
178 246
178 247
178 248
179 182
179 185
179 186
179 187
179 189
179 190
179 194
179 195
179 197
179 204
179 207
179 209
179 215
179 217
179 219
179 221
179 223
179 227
179 231
179 243
179 248
180 183
180 185
180 186
180 187
180 190
180 196
180 198
180 210
180 213
180 221
180 226
180 232
180 233
180 236
180 237
180 245
180 248
180 250
181 183
181 185
181 187
181 188
181 189
181 195
181 196
181 198
181 204
181 210
181 214
181 215
181 223
181 226
181 228
181 231
181 239
181 246
182 183
182 187
182 197
182 199
182 204
182 213
182 218
182 220
182 226
182 232
182 237
182 242
182 244
182 245
182 247
183 185
183 186
183 188
183 191
183 192
183 200
183 205
183 208
183 216
183 217
183 224
183 225
183 231
183 232
183 235
183 236
183 239
183 241
183 249
184 185
184 187
184 193
184 195
184 196
184 202
184 203
184 204
184 211
184 222
184 223
184 229
184 231
184 235
184 243
184 248
184 250
185 186
185 191
185 201
185 205
185 207
185 215
185 217
185 221
185 223
185 224
185 230
185 231
185 244
185 245
185 248
185 249
185 250
186 188
186 189
186 195
186 197
186 200
186 201
186 204
186 206
186 209
186 211
186 213
186 215
186 216
186 221
186 224
186 225
186 227
186 232
186 234
186 240
186 245
186 247
186 249
186 250
187 189
187 190
187 192
187 200
187 201
187 204
187 205
187 206
187 214
187 219
187 221
187 223
187 224
187 225
187 236
187 237
187 241
187 249
188 197
188 204
188 214
188 217
188 218
188 222
188 224
188 228
188 232
188 235
188 236
188 237
188 238
188 242
188 247
188 249
188 250
189 191
189 197
189 198
189 199
189 200
189 205
189 210
189 218
189 219
189 221
189 227
189 229
189 232
189 233
189 235
189 237
189 239
189 241
189 242
189 244
189 248
190 191
190 192
190 201
190 203
190 205
190 207
190 209
190 211
190 212
190 214
190 215
190 221
190 225
190 227
190 228
190 230
190 233
190 234
190 235
190 236
190 240
190 243
190 245
190 246
190 248
190 250
191 201
191 203
191 205
191 207
191 216
191 217
191 226
191 232
191 233
191 234
191 235
191 241
191 243
191 246
191 249
192 195
192 196
192 199
192 200
192 201
192 206
192 210
192 211
192 215
192 224
192 225
192 227
192 228
192 229
192 233
192 234
192 235
192 238
192 239
192 248
193 198
193 199
193 202
193 215
193 220
193 221
193 223
193 236
193 238
193 239
193 242
193 246
194 195
194 198
194 205
194 213
194 218
194 223
194 224
194 225
194 226
194 229
194 238
194 240
194 241
195 196
195 197
195 199
195 201
195 204
195 205
195 206
195 208
195 211
195 214
195 216
195 218
195 219
195 222
195 226
195 229
195 236
195 239
195 241
195 242
195 245
195 249
196 201
196 202
196 203
196 204
196 207
196 208
196 209
196 216
196 217
196 218
196 220
196 222
196 224
196 225
196 229
196 230
196 235
196 243
196 244
196 245
197 198
197 203
197 204
197 205
197 209
197 212
197 214
197 216
197 222
197 224
197 226
197 231
197 234
197 235
197 241
197 245
197 246
197 248
198 201
198 206
198 207
198 210
198 214
198 215
198 216
198 220
198 222
198 224
198 226
198 234
198 240
198 242
198 248
199 200
199 201
199 204
199 206
199 207
199 209
199 210
199 215
199 219
199 222
199 231
199 238
199 241
199 248
199 249
200 208
200 216
200 217
200 220
200 222
200 224
200 227
200 228
200 229
200 236
200 239
200 240
200 241
200 242
200 244
200 245
200 248
200 249
201 204
201 208
201 211
201 214
201 218
201 219
201 222
201 223
201 230
201 233
201 235
201 238
201 239
201 240
201 242
201 246
201 247
201 248
201 250
202 204
202 207
202 208
202 214
202 219
202 222
202 225
202 226
202 227
202 229
202 233
202 235
202 236
202 239
202 245
202 249
203 204
203 209
203 215
203 216
203 217
203 221
203 223
203 231
203 235
203 240
203 241
203 243
203 248
204 208
204 209
204 216
204 217
204 226
204 228
204 229
204 231
204 236
204 239
204 242
204 245
204 250
205 207
205 213
205 218
205 222
205 232
205 233
205 244
205 247
205 249
206 214
206 215
206 217
206 222
206 225
206 226
206 233
206 236
206 237
206 241
206 242
206 245
206 247
206 250
207 211
207 213
207 215
207 217
207 228
207 231
207 233
207 238
207 243
207 245
207 248
207 249
207 250
208 215
208 218
208 224
208 225
208 236
208 239
208 240
208 241
208 242
208 244
208 247
208 248
209 211
209 219
209 220
209 232
209 234
209 236
209 237
209 238
209 250
210 212
210 215
210 217
210 224
210 227
210 230
210 233
210 234
210 239
210 240
210 242
210 243
210 245
210 246
210 248
211 222
211 226
211 229
211 236
211 237
211 238
211 245
211 247
212 216
212 222
212 229
212 231
212 234
212 240
212 242
212 244
212 250
213 221
213 225
213 227
213 233
213 235
213 239
213 241
213 242
213 243
213 247
214 218
214 220
214 224
214 233
214 234
214 236
214 248
214 250
215 217
215 219
215 220
215 221
215 223
215 225
215 227
215 234
215 241
215 243
215 247
215 248
215 249
216 221
216 224
216 228
216 232
216 233
216 234
216 236
216 238
216 241
216 247
217 218
217 221
217 224
217 228
217 232
217 235
217 237
217 240
217 242
217 246
217 247
217 248
217 249
218 220
218 222
218 224
218 225
218 228
218 230
218 231
218 234
218 235
218 237
218 246
218 248
219 221
219 226
219 229
219 236
219 237
219 238
219 241
219 247
220 223
220 225
220 227
220 230
220 232
220 233
220 235
220 238
220 249
220 250
221 222
221 223
221 224
221 226
221 227
221 228
221 229
221 232
221 233
221 235
221 236
221 238
221 239
221 246
222 228
222 234
222 236
222 239
222 242
223 226
223 228
223 231
223 232
223 235
223 240
223 242
224 225
224 227
224 228
224 234
224 235
224 236
224 240
224 241
224 242
224 243
224 244
224 246
224 249
224 250
225 227
225 231
225 233
225 235
225 236
225 241
225 242
225 243
225 248
225 250
226 232
226 233
226 234
226 235
226 237
226 243
226 245
226 246
226 249
226 250
227 228
227 229
227 230
227 231
227 233
227 239
227 242
227 243
227 245
227 247
227 249
228 232
228 239
228 240
228 243
228 244
229 232
229 238
229 240
229 243
229 247
229 249
230 231
230 236
230 238
230 239
230 242
230 243
230 246
230 248
230 250
231 248
232 233
232 234
232 235
232 237
232 239
232 240
232 242
232 244
232 247
232 249
233 234
233 235
233 236
233 237
233 238
233 242
233 243
233 244
233 247
233 248
233 250
234 235
234 236
234 238
234 244
234 245
234 246
234 249
235 246
235 247
235 250
236 237
236 239
236 240
236 242
237 239
237 241
237 245
237 249
237 250
238 239
238 240
238 242
238 247
238 249
238 250
239 244
239 247
239 249
240 244
240 245
240 246
240 247
240 248
242 244
242 246
242 248
242 249
243 244
243 247
243 249
244 246
244 249
245 246
245 247
245 249
245 250
246 247
247 248
