38
1
2
22
17
3
4
5
27
22
21
15
14
21
7
23
1
5
24
9
22
17
2
6
23
23
29
1
6
18
6
14
19
27
25
10
17
11
24
8
16
7
30
29
18
25
24
20
16
31
24
33
4
9
23
28
4
10
2
30
16
16
5
15
31
22
30
7
12
4
14
9
10
12
8
17
8
31
1
4
34
18
3
25
26
2
5
12
31
23
7
16
12
3
26
15
32
34
25
10
31
32
23
30
20
4
13
11
21
27
2
25
18
30
5
10
36
11
27
5
9
20
11
21
8
3
33
15
9
27
34
19
19
9
24
21
9
28
7
11
11
32
14
6
36
7
3
6
18
1
10
24
5
12
19
36
15
26
20
25
2
1
33
29
28
35
14
29
1
33
12
8
37
30
27
25
6
28
13
35
11
8
37
18
21
34
37
23
15
32
14
6
18
13
20
22
2
11
35
21
35
33
32
16
7
8
10
5
14
36
26
20
15
29
4
7
22
7
24
28
3
34
12
6
19
38
31
26
26
5
13
16
33
17
28
27
37
29
13
17
37
13
26
35
28
36
30
34
28
32
36
