58
1
2
41
49
3
4
2
4
5
1
6
33
15
28
24
4
7
7
25
30
8
17
22
31
9
26
40
27
14
8
46
37
36
12
39
19
41
30
33
9
9
10
13
25
7
31
23
16
18
10
13
11
1
36
11
27
33
1
6
10
22
38
23
32
1
3
5
18
22
4
46
16
16
51
21
3
50
10
38
41
8
8
34
12
16
38
20
19
1
24
49
20
5
29
42
29
48
2
44
13
7
23
21
5
11
24
47
4
40
28
22
9
20
36
32
10
45
25
3
45
35
28
48
6
49
14
29
18
24
14
11
29
23
55
12
42
34
33
43
39
50
39
54
15
43
53
43
2
29
42
26
32
36
19
18
12
35
46
31
7
17
4
9
47
46
39
25
14
12
30
30
9
44
34
35
45
26
37
32
8
3
15
34
15
52
29
37
6
16
40
56
48
40
26
20
17
31
32
50
39
21
44
19
38
30
22
44
18
17
27
52
43
57
26
33
15
35
53
28
27
45
23
13
16
13
21
50
52
55
15
47
20
51
55
54
51
11
58
41
49
28
34
42
13
49
53
54
37
41
56
