103
1
2
3
4
46
16
62
20
5
91
25
6
35
43
73
34
29
4
19
7
27
8
8
10
36
47
29
6
44
45
6
93
37
30
15
48
43
20
9
81
10
21
75
63
59
91
59
36
12
3
35
9
7
65
33
15
38
30
70
10
63
38
30
5
69
74
65
45
76
42
92
39
23
11
12
3
9
36
13
11
85
26
61
59
13
16
9
76
18
50
18
65
73
24
11
86
5
16
45
89
95
13
53
12
20
15
56
18
54
86
22
14
36
43
78
19
16
15
32
74
38
57
26
44
4
72
81
14
4
58
50
25
12
69
49
21
25
15
82
58
63
63
29
7
2
61
1
17
3
8
56
47
64
35
1
31
26
95
28
55
67
40
88
71
98
18
98
46
79
20
29
53
5
17
48
18
32
64
48
57
10
13
14
28
45
79
54
33
51
76
5
25
23
40
71
20
51
30
14
40
12
17
27
58
39
7
31
91
33
30
28
43
59
19
21
37
42
19
24
22
14
39
23
88
41
56
57
14
88
11
17
61
2
64
36
22
55
8
44
50
68
60
48
52
1
70
34
34
58
35
26
17
2
35
12
66
7
70
97
25
49
37
22
83
54
66
67
38
35
47
55
51
23
85
46
32
6
50
51
6
54
97
28
29
40
77
62
82
60
11
78
21
87
31
71
80
96
63
34
55
3
30
31
73
75
57
57
42
16
8
92
60
33
49
4
14
28
94
64
43
79
47
90
14
3
41
27
9
28
85
42
31
32
29
99
24
18
62
32
89
6
90
53
73
10
96
72
94
41
44
24
73
53
93
71
87
39
34
39
86
40
6
88
56
68
90
22
65
19
77
27
81
51
94
96
61
47
22
68
78
45
77
97
78
33
78
82
32
52
46
53
74
98
69
27
80
10
48
84
84
15
69
83
72
85
80
84
80
66
80
78
65
54
75
13
101
70
60
77
100
87
4
64
46
56
83
67
99
79
72
98
61
69
41
101
76
90
52
99
91
27
62
79
72
23
67
89
68
1
52
82
100
33
34
19
50
43
77
83
58
100
94
77
16
92
17
49
24
75
103
2
37
37
71
94
85
76
87
13
36
89
59
81
2
95
92
55
101
66
103
71
102
84
20
21
97
15
84
41
93
