38
1
2
3
34
2
26
8
17
12
16
10
19
25
18
2
1
16
28
22
1
26
17
5
2
6
23
35
18
3
15
17
4
7
37
2
3
5
9
9
7
23
19
24
9
25
7
24
5
9
10
19
36
4
33
10
10
9
1
26
14
4
6
6
7
36
6
7
17
1
2
23
19
8
10
8
35
15
2
32
31
1
10
12
16
6
11
3
20
4
5
15
21
27
4
26
6
16
4
13
8
31
2
19
13
15
24
28
15
3
6
1
24
18
23
6
16
4
7
3
8
17
12
24
18
8
6
2
4
34
19
1
15
8
28
10
10
32
12
9
17
32
6
16
3
2
13
3
7
9
18
2
21
16
8
30
5
5
22
34
3
14
14
17
33
4
27
25
33
17
20
36
25
18
25
30
19
26
12
31
11
5
2
11
12
29
12
13
4
33
12
11
6
14
29
14
14
4
11
18
23
22
18
32
9
33
38
35
25
3
18
30
21
10
21
28
26
3
14
5
10
14
18
27
12
31
6
22
5
34
18
19
12
21
12
14
22
5
29
14
12
11
27
16
5
29
8
23
27
18
23
4
36
13
17
21
10
5
19
11
32
32
4
20
23
24
37
13
18
13
9
10
1
33
36
12
6
3
24
10
23
27
3
1
36
1
15
22
13
1
27
7
9
27
38
28
20
1
38
11
19
30
26
35
32
5
20
19
10
20
31
20
30
22
28
33
20
36
10
13
9
22
15
15
5
30
29
7
35
20
2
8
9
35
13
26
6
7
24
19
33
14
4
16
26
23
26
34
10
21
27
32
23
19
26
25
24
12
14
3
32
22
23
37
16
24
7
12
30
14
19
14
12
32
21
8
28
21
28
19
2
6
16
5
30
16
32
14
38
25
30
25
36
7
32
11
20
31
22
13
13
29
21
11
30
31
34
27
28
37
6
22
33
26
11
31
29
37
15
29
11
2
1
16
29
22
31
17
15
13
24
38
25
7
30
38
17
28
24
18
36
31
2
15
25
22
17
34
9
21
2
4
33
26
26
38
15
20
4
28
33
29
6
35
15
4
34
25
37
32
24
8
35
15
13
8
17
34
27
29
28
38
21
34
3
33
8
25
35
23
35
9
36
36
31
11
29
37
8
17
38
