16
1
7
10
11
4
1
5
2
5
9
3
1
3
10
5
6
4
9
13
6
7
2
3
2
7
5
2
2
10
8
15
3
11
2
3
12
7
7
1
2
12
4
4
2
5
1
3
9
3
1
11
1
13
4
4
3
3
8
2
5
1
5
5
4
7
4
9
3
6
1
8
11
9
9
5
11
6
7
4
8
5
4
2
15
7
8
7
14
9
1
6
9
4
2
13
5
5
5
6
1
7
3
6
2
2
1
3
11
6
9
6
13
6
2
11
8
11
14
11
7
5
9
1
4
4
6
11
3
7
6
8
15
2
1
4
9
4
3
8
5
4
11
8
11
4
12
8
11
6
1
5
3
15
7
10
3
4
9
3
5
10
1
12
9
9
3
1
14
11
7
1
7
10
12
5
9
15
10
6
2
13
6
6
3
15
6
6
1
2
11
3
8
2
4
7
7
8
14
2
15
12
5
1
3
5
1
4
7
8
8
2
2
11
4
1
3
6
12
5
3
11
1
8
4
10
10
10
1
2
7
13
9
6
9
6
5
5
9
14
6
3
2
1
5
4
7
2
14
7
12
5
8
10
8
8
12
14
3
12
3
8
6
12
2
13
8
12
2
1
13
9
10
13
11
11
10
5
6
9
8
13
4
13
10
11
9
10
13
10
8
4
7
4
10
13
14
9
10
3
3
15
4
6
9
13
2
4
9
10
15
8
5
5
13
12
5
7
6
13
13
4
12
15
12
13
1
16
6
14
7
13
8
1
10
16
3
13
1
3
14
10
7
1
6
3
4
3
1
16
13
9
14
8
1
13
8
12
1
3
3
12
8
6
10
2
11
16
5
7
8
14
14
4
15
9
5
1
10
12
6
4
3
15
15
7
12
6
1
10
7
6
10
14
2
9
12
7
3
2
11
6
3
8
1
2
3
9
2
7
9
1
15
14
2
12
4
9
8
8
12
10
12
15
5
11
14
12
6
8
11
4
9
10
14
3
7
11
6
4
2
12
7
2
12
10
7
10
11
2
11
3
16
10
15
15
5
16
11
3
13
7
11
12
7
14
5
13
15
13
3
10
8
1
8
11
14
10
7
10
13
13
5
9
10
15
14
8
10
12
16
11
16
13
12
5
16
15
15
16
11
