50 133
1 6
1 16
1 33
1 45
1 48
2 5
2 23
2 48
3 6
3 8
3 15
3 23
3 31
3 34
3 43
4 8
4 12
4 13
4 26
4 48
4 50
5 14
5 25
5 46
6 15
6 42
6 45
7 9
7 34
7 50
8 9
8 19
8 31
8 42
8 44
8 48
9 11
9 27
9 33
9 37
9 40
9 48
10 25
10 49
11 19
11 25
11 33
11 41
11 42
11 48
12 14
12 20
12 28
12 37
12 49
12 50
13 24
13 25
13 42
14 34
15 24
15 27
15 46
16 22
16 26
16 30
16 49
17 19
17 20
17 25
17 28
17 31
17 40
17 47
18 20
18 21
18 24
18 45
18 50
19 23
19 31
19 38
20 27
20 37
20 39
20 42
20 47
21 31
21 41
22 36
22 41
22 49
23 35
23 36
23 38
24 40
26 38
26 39
26 47
26 50
27 28
27 44
27 48
28 43
28 44
28 47
28 48
28 50
29 44
29 45
30 41
30 46
31 39
31 41
31 48
32 33
32 36
33 37
33 45
33 49
34 35
34 41
36 40
38 49
39 49
40 47
41 44
42 50
45 46
45 48
46 50
47 48
48 50
