164
1
2
3
4
5
6
7
8
20
9
10
59
57
5
27
47
9
10
66
11
12
13
87
19
130
14
15
41
78
59
123
29
16
17
2
66
6
12
157
3
36
7
68
8
85
18
46
101
41
141
26
15
4
76
69
25
19
11
51
74
108
125
46
23
45
37
7
51
20
133
31
110
54
95
19
79
54
10
57
35
110
15
83
20
135
135
21
13
63
100
53
4
107
71
120
123
68
21
32
16
38
34
60
1
35
44
17
11
22
55
64
18
70
23
24
112
46
49
88
118
39
51
64
48
55
25
98
129
8
92
6
42
62
1
26
89
111
77
43
142
40
49
22
17
81
53
50
26
33
2
25
37
72
52
48
141
29
79
33
61
28
90
81
13
67
65
31
65
38
57
109
5
27
45
30
52
72
27
82
114
84
49
50
28
158
73
57
120
131
29
59
32
31
48
70
103
93
71
45
127
24
88
11
143
40
30
152
21
107
18
145
134
19
94
10
31
114
67
58
77
48
78
50
83
87
99
24
33
91
90
95
53
9
14
53
85
104
3
6
93
126
117
100
80
68
119
80
107
76
32
125
47
40
145
75
97
61
16
69
75
33
132
112
58
105
113
82
150
86
92
34
109
161
111
76
143
89
62
146
122
88
43
139
84
160
123
86
59
56
91
74
113
142
122
90
103
28
81
106
80
64
96
140
149
108
106
138
73
81
94
127
115
119
22
46
72
96
71
124
102
84
121
56
101
42
63
56
116
115
124
163
139
87
132
136
104
98
107
154
137
122
134
41
106
102
34
21
23
114
153
128
138
127
35
144
47
99
103
128
155
30
155
12
128
105
145
61
67
62
131
121
150
108
36
43
95
36
37
151
115
78
109
105
136
108
42
151
85
118
60
162
141
126
117
86
74
147
38
113
83
85
65
131
58
69
66
52
44
132
116
120
93
112
89
39
60
149
136
154
158
96
157
100
101
160
97
146
121
150
65
143
44
54
73
153
79
84
91
110
149
123
156
116
148
63
161
119
159
130
77
98
82
137
142
159
139
160
111
5
144
71
102
156
133
129
55
106
28
97
147
130
99
140
154
40
142
41
56
43
104
86
148
92
125
143
152
156
135
155
162
95
133
39
70
109
98
134
164
157
39
