65
1
4
31
2
3
21
16
42
19
4
36
5
27
22
4
5
48
48
36
13
58
36
34
20
14
39
41
28
2
23
11
1
14
27
2
17
6
25
20
8
28
14
12
13
38
36
33
11
26
10
30
60
9
35
25
38
28
5
3
47
36
13
3
43
19
4
1
53
17
35
19
44
54
3
4
6
24
5
59
57
26
45
36
40
5
27
26
3
20
16
40
17
47
7
16
5
15
1
15
59
9
23
6
5
43
47
53
12
6
8
2
42
4
16
37
17
26
54
18
47
2
1
37
5
28
27
45
18
25
35
54
44
11
24
15
33
36
31
8
10
39
9
14
1
8
20
45
14
13
42
52
40
34
39
43
14
12
31
35
10
5
16
13
3
6
20
26
2
26
22
34
46
30
1
10
40
15
16
39
60
39
62
51
7
8
63
38
15
16
37
42
41
37
30
43
55
41
52
27
53
49
31
33
22
38
22
47
26
1
12
46
12
14
45
15
56
21
25
32
28
15
11
9
53
8
30
18
24
21
19
13
32
51
44
46
54
13
33
27
24
19
57
60
12
22
4
15
61
11
17
61
53
41
40
3
4
21
14
7
22
9
7
32
34
40
42
44
56
61
7
23
11
10
44
50
39
28
44
62
19
26
38
21
7
2
45
1
22
29
51
27
32
48
43
32
57
52
49
37
25
49
56
13
1
39
7
17
18
49
6
24
41
61
33
49
60
61
46
21
11
60
47
62
6
27
62
32
49
35
19
50
10
52
2
48
20
57
52
14
16
50
28
42
54
47
59
29
20
49
62
30
30
55
63
58
38
55
15
59
29
17
53
29
31
8
47
55
45
64
24
22
50
33
24
29
25
48
18
29
35
23
21
40
2
10
54
51
31
41
29
29
8
12
19
15
45
23
58
58
3
46
52
54
10
64
34
18
25
37
24
48
57
7
50
51
56
35
33
53
20
56
61
43
56
64
55
37
34
9
63
29
6
7
33
28
43
58
65
18
65
11
32
38
48
57
46
64
4
20
18
10
16
52
63
60
12
39
50
9
30
3
51
25
9
49
44
58
23
23
35
12
27
17
35
34
31
22
40
33
31
55
56
32
59
42
59
58
63
65
21
37
56
46
62
41
63
53
7
36
54
