70 224
1 7
1 10
1 21
1 35
1 40
1 41
1 42
1 48
1 50
1 63
2 3
2 5
2 10
2 32
2 51
2 53
2 66
3 9
3 11
3 14
3 25
3 30
3 36
3 39
3 46
3 54
3 58
3 62
3 64
3 70
4 12
4 31
4 33
4 47
4 50
4 53
4 57
4 58
4 60
4 67
5 43
5 46
5 55
5 64
5 65
5 67
6 44
6 67
7 20
7 25
7 36
7 37
7 52
7 55
7 63
8 17
8 18
8 29
8 34
8 37
8 50
8 52
9 19
9 27
9 40
9 42
9 48
9 65
10 25
10 44
10 50
10 60
10 62
10 63
10 66
10 69
11 28
11 31
11 32
11 48
11 54
12 13
12 17
12 38
12 48
12 63
12 66
13 34
13 58
13 60
14 18
14 20
14 43
14 52
14 53
14 58
14 64
14 69
15 23
15 44
15 56
16 20
16 27
16 35
16 49
16 51
16 68
17 52
18 20
18 22
18 23
18 30
18 34
18 51
18 68
18 70
19 24
19 55
20 24
20 34
20 41
20 49
20 52
20 62
20 63
20 69
21 34
21 45
22 23
22 27
22 29
22 31
22 36
23 28
23 60
23 67
24 28
24 36
24 55
24 56
25 28
25 36
25 37
26 32
26 66
26 67
27 42
28 48
28 63
29 41
29 42
29 62
29 64
30 43
30 55
30 57
31 34
31 37
31 42
31 48
31 57
31 61
32 58
33 34
33 38
34 43
34 47
35 51
35 53
35 60
36 37
36 58
37 39
37 50
37 52
38 39
38 49
39 44
41 42
41 43
41 49
41 50
41 55
41 56
41 69
42 46
42 47
42 49
42 61
42 65
43 49
43 53
43 57
44 52
44 53
45 50
45 54
45 67
46 53
46 58
47 52
47 54
47 55
47 57
48 51
49 52
49 57
49 62
50 68
51 58
51 70
52 64
53 59
53 61
54 63
55 63
55 67
55 70
57 60
57 62
57 64
60 63
62 64
67 68
